####################
#Sets#
####################
# 
set EMISSION := CO2 CH4 ;
set REGION := RE1;
set MODE_OF_OPERATION := 1 ;
set COMMODITY := COA GAS ELC001 ELC002 SOL WND HYD ;
set STORAGE := ;
set TECHNOLOGY := MINCOA MINGAS PWRCOA PWRGAS PWRTRN MINSOL MINWND PWRSOL PWRWND MINHYD PWRHYD Manuel ;
set YEAR := 2020 2021 2022 2023 2024 2025 2026 2027 2028 2029 2030 2031 2032 2033 2034 2035 2036 2037 2038 2039 2040 ;
set TIMESLICE := S11 S12 S21 S22 ;
set UDC := MAXCOAL CO_1ys1r CO_o9s31 CO_ub6u3 CO_3egch ;
####################
#Parameters#
####################
#
param ResultsPath := "..\..\..\..\WebAPP\DataStorage\CLEWs Demo\res\csv" ; 

param TradeRoute  default 0 := 
; 
 
param UDCTag default -1 : 
MAXCOAL CO_1ys1r CO_o9s31 CO_ub6u3 CO_3egch :=
RE1 0 1 1 1 1 
;

param DiscountRate default 0.05 := 
RE1 0.05 
; 

param CapacityToActivityUnit default 0 : 
MINCOA MINGAS PWRCOA PWRGAS PWRTRN MINSOL MINWND PWRSOL PWRWND MINHYD PWRHYD Manuel :=
RE1 31.54 31.54 31.54 31.54 31.54 31.54 31.54 31.54 31.54 31.54 31.54 0 
;
param OperationalLife default 1 : 
MINCOA MINGAS PWRCOA PWRGAS PWRTRN MINSOL MINWND PWRSOL PWRWND MINHYD PWRHYD Manuel :=
RE1 30 30 30 30 50 100 100 20 20 100 80 1 
;
param TotalTechnologyModelPeriodActivityLowerLimit default 0 : 
MINCOA MINGAS PWRCOA PWRGAS PWRTRN MINSOL MINWND PWRSOL PWRWND MINHYD PWRHYD Manuel :=
RE1 0 0 0 0 0 0 0 0 0 0 0 0 
;
param TotalTechnologyModelPeriodActivityUpperLimit default 999999 : 
MINCOA MINGAS PWRCOA PWRGAS PWRTRN MINSOL MINWND PWRSOL PWRWND MINHYD PWRHYD Manuel :=
RE1 999999 999999 999999 999999 999999 999999 999999 999999 999999 999999 999999 999999 
;

param ReserveMargin default 0 : 
2020 2021 2022 2023 2024 2025 2026 2027 2028 2029 2030 2031 2032 2033 2034 2035 2036 2037 2038 2039 2040 :=
RE1 0 0 0 0 0 0 0 0 0 0 0 0 0 0 0 0 0 0 0 0 0 
;
param REMinProductionTarget default 0 : 
2020 2021 2022 2023 2024 2025 2026 2027 2028 2029 2030 2031 2032 2033 2034 2035 2036 2037 2038 2039 2040 :=
RE1 0 0 0 0 0 0 0 0 0 0 0 0 0 0 0 0 0 0 0 0 0 
;

param ModelPeriodEmissionLimit default 999999 : 
CO2 CH4 :=
RE1 999999 999999 
;
param ModelPeriodExogenousEmission default 0 : 
CO2 CH4 :=
RE1 0 0 
;

param UDCConstant default 0.0001 := 
[RE1,*,*]: 
2020 2021 2022 2023 2024 2025 2026 2027 2028 2029 2030 2031 2032 2033 2034 2035 2036 2037 2038 2039 2040 :=
MAXCOAL 0.05 0.05 0.05 0.05 0.05 0.05 0.05 0.05 0.05 0.05 0.05 0.05 0.05 0.05 0.05 0.05 0.05 0.05 0.05 0.05 0.05 
CO_1ys1r 0 0 0 0 0 0 0 0 0 0 0 0 0 0 0 0 0 0 0 0 0 
CO_o9s31 0 0 0 0 0 0 0 0 0 0 0 0 0 0 0 0 0 0 0 0 0 
CO_ub6u3 0 0 0 0 0 0 0 0 0 0 0 0 0 0 0 0 0 0 0 0 0 
CO_3egch 0 0 0 0 0 0 0 0 0 0 0 0 0 0 0 0 0 0 0 0 0 
;

param UDCMultiplierTotalCapacity default 0 := 
[RE1,PWRCOA,*,*]:
2020 2021 2022 2023 2024 2025 2026 2027 2028 2029 2030 2031 2032 2033 2034 2035 2036 2037 2038 2039 2040 :=
MAXCOAL 0 0 0 0 0 0 0 0 0 0 0 0 0 0 0 0 0 0 0 0 0 
[RE1,MINCOA,*,*]:
2020 2021 2022 2023 2024 2025 2026 2027 2028 2029 2030 2031 2032 2033 2034 2035 2036 2037 2038 2039 2040 :=
CO_1ys1r 0 0 0 0 0 0 0 0 0 0 0 0 0 0 0 0 0 0 0 0 0 
[RE1,MINGAS,*,*]:
2020 2021 2022 2023 2024 2025 2026 2027 2028 2029 2030 2031 2032 2033 2034 2035 2036 2037 2038 2039 2040 :=
CO_1ys1r 0 0 0 0 0 0 0 0 0 0 0 0 0 0 0 0 0 0 0 0 0 
[RE1,PWRCOA,*,*]:
2020 2021 2022 2023 2024 2025 2026 2027 2028 2029 2030 2031 2032 2033 2034 2035 2036 2037 2038 2039 2040 :=
CO_1ys1r 0 0 0 0 0 0 0 0 0 0 0 0 0 0 0 0 0 0 0 0 0 
[RE1,PWRGAS,*,*]:
2020 2021 2022 2023 2024 2025 2026 2027 2028 2029 2030 2031 2032 2033 2034 2035 2036 2037 2038 2039 2040 :=
CO_1ys1r 0 0 0 0 0 0 0 0 0 0 0 0 0 0 0 0 0 0 0 0 0 
[RE1,MINCOA,*,*]:
2020 2021 2022 2023 2024 2025 2026 2027 2028 2029 2030 2031 2032 2033 2034 2035 2036 2037 2038 2039 2040 :=
CO_o9s31 0 0 0 0 0 0 0 0 0 0 0 0 0 0 0 0 0 0 0 0 0 
[RE1,MINCOA,*,*]:
2020 2021 2022 2023 2024 2025 2026 2027 2028 2029 2030 2031 2032 2033 2034 2035 2036 2037 2038 2039 2040 :=
CO_ub6u3 0 0 0 0 0 0 0 0 0 0 0 0 0 0 0 0 0 0 0 0 0 
[RE1,MINCOA,*,*]:
2020 2021 2022 2023 2024 2025 2026 2027 2028 2029 2030 2031 2032 2033 2034 2035 2036 2037 2038 2039 2040 :=
CO_3egch 0 0 0 0 0 0 0 0 0 0 0 0 0 0 0 0 0 0 0 0 0 
;
param UDCMultiplierNewCapacity default 0 := 
[RE1,PWRCOA,*,*]:
2020 2021 2022 2023 2024 2025 2026 2027 2028 2029 2030 2031 2032 2033 2034 2035 2036 2037 2038 2039 2040 :=
MAXCOAL 0 0 0 0 0 0 0 0 0 0 0 0 0 0 0 0 0 0 0 0 0 
[RE1,MINCOA,*,*]:
2020 2021 2022 2023 2024 2025 2026 2027 2028 2029 2030 2031 2032 2033 2034 2035 2036 2037 2038 2039 2040 :=
CO_1ys1r 0 0 0 0 0 0 0 0 0 0 0 0 0 0 0 0 0 0 0 0 0 
[RE1,MINGAS,*,*]:
2020 2021 2022 2023 2024 2025 2026 2027 2028 2029 2030 2031 2032 2033 2034 2035 2036 2037 2038 2039 2040 :=
CO_1ys1r 0 0 0 0 0 0 0 0 0 0 0 0 0 0 0 0 0 0 0 0 0 
[RE1,PWRCOA,*,*]:
2020 2021 2022 2023 2024 2025 2026 2027 2028 2029 2030 2031 2032 2033 2034 2035 2036 2037 2038 2039 2040 :=
CO_1ys1r 0 0 0 0 0 0 0 0 0 0 0 0 0 0 0 0 0 0 0 0 0 
[RE1,PWRGAS,*,*]:
2020 2021 2022 2023 2024 2025 2026 2027 2028 2029 2030 2031 2032 2033 2034 2035 2036 2037 2038 2039 2040 :=
CO_1ys1r 0 0 0 0 0 0 0 0 0 0 0 0 0 0 0 0 0 0 0 0 0 
[RE1,MINCOA,*,*]:
2020 2021 2022 2023 2024 2025 2026 2027 2028 2029 2030 2031 2032 2033 2034 2035 2036 2037 2038 2039 2040 :=
CO_o9s31 0 0 0 0 0 0 0 0 0 0 0 0 0 0 0 0 0 0 0 0 0 
[RE1,MINCOA,*,*]:
2020 2021 2022 2023 2024 2025 2026 2027 2028 2029 2030 2031 2032 2033 2034 2035 2036 2037 2038 2039 2040 :=
CO_ub6u3 0 0 0 0 0 0 0 0 0 0 0 0 0 0 0 0 0 0 0 0 0 
[RE1,MINCOA,*,*]:
2020 2021 2022 2023 2024 2025 2026 2027 2028 2029 2030 2031 2032 2033 2034 2035 2036 2037 2038 2039 2040 :=
CO_3egch 0 0 0 0 0 0 0 0 0 0 0 0 0 0 0 0 0 0 0 0 0 
;
param UDCMultiplierActivity default 0 := 
[RE1,PWRCOA,*,*]:
2020 2021 2022 2023 2024 2025 2026 2027 2028 2029 2030 2031 2032 2033 2034 2035 2036 2037 2038 2039 2040 :=
MAXCOAL 0 0 0 0 0 0 0 0 0 0 0 0 0 0 0 0 0 0 0 0 0 
[RE1,MINCOA,*,*]:
2020 2021 2022 2023 2024 2025 2026 2027 2028 2029 2030 2031 2032 2033 2034 2035 2036 2037 2038 2039 2040 :=
CO_1ys1r 0 0 0 0 0 0 0 0 0 0 0 0 0 0 0 0 0 0 0 0 0 
[RE1,MINGAS,*,*]:
2020 2021 2022 2023 2024 2025 2026 2027 2028 2029 2030 2031 2032 2033 2034 2035 2036 2037 2038 2039 2040 :=
CO_1ys1r 0 0 0 0 0 0 0 0 0 0 0 0 0 0 0 0 0 0 0 0 0 
[RE1,PWRCOA,*,*]:
2020 2021 2022 2023 2024 2025 2026 2027 2028 2029 2030 2031 2032 2033 2034 2035 2036 2037 2038 2039 2040 :=
CO_1ys1r 0 0 0 0 0 0 0 0 0 0 0 0 0 0 0 0 0 0 0 0 0 
[RE1,PWRGAS,*,*]:
2020 2021 2022 2023 2024 2025 2026 2027 2028 2029 2030 2031 2032 2033 2034 2035 2036 2037 2038 2039 2040 :=
CO_1ys1r 0 0 0 0 0 0 0 0 0 0 0 0 0 0 0 0 0 0 0 0 0 
[RE1,MINCOA,*,*]:
2020 2021 2022 2023 2024 2025 2026 2027 2028 2029 2030 2031 2032 2033 2034 2035 2036 2037 2038 2039 2040 :=
CO_o9s31 0 0 0 0 0 0 0 0 0 0 0 0 0 0 0 0 0 0 0 0 0 
[RE1,MINCOA,*,*]:
2020 2021 2022 2023 2024 2025 2026 2027 2028 2029 2030 2031 2032 2033 2034 2035 2036 2037 2038 2039 2040 :=
CO_ub6u3 0 0 0 0 0 0 0 0 0 0 0 0 0 0 0 0 0 0 0 0 0 
[RE1,MINCOA,*,*]:
2020 2021 2022 2023 2024 2025 2026 2027 2028 2029 2030 2031 2032 2033 2034 2035 2036 2037 2038 2039 2040 :=
CO_3egch 0 0 0 0 0 0 0 0 0 0 0 0 0 0 0 0 0 0 0 0 0 
;

param YearSplit default 0.0104 : 
2020 2021 2022 2023 2024 2025 2026 2027 2028 2029 2030 2031 2032 2033 2034 2035 2036 2037 2038 2039 2040 :=
S11 0.44 0.44 0.44 0.44 0.44 0.44 0.44 0.44 0.44 0.44 0.44 0.44 0.44 0.44 0.44 0.44 0.44 0.44 0.44 0.44 0.44 
S12 0.22 0.22 0.22 0.22 0.22 0.22 0.22 0.22 0.22 0.22 0.22 0.22 0.22 0.22 0.22 0.22 0.22 0.22 0.22 0.22 0.22 
S21 0.17 0.17 0.17 0.17 0.17 0.17 0.17 0.17 0.17 0.17 0.17 0.17 0.17 0.17 0.17 0.17 0.17 0.17 0.17 0.17 0.17 
S22 0.17 0.17 0.17 0.17 0.17 0.17 0.17 0.17 0.17 0.17 0.17 0.17 0.17 0.17 0.17 0.17 0.17 0.17 0.17 0.17 0.17 
;

param AvailabilityFactor default 1.01 := 
[RE1,*,*]: 
2020 2021 2022 2023 2024 2025 2026 2027 2028 2029 2030 2031 2032 2033 2034 2035 2036 2037 2038 2039 2040 :=
MINCOA 1 1 1 1 1 1 1 1 1 1 1 1 1 1 1 1 1 1 1 1 1 
MINGAS 1 1 1 1 1 1 1 1 1 1 1 1 1 1 1 1 1 1 1 1 1 
PWRCOA 1 1 1 1 1 1 1 1 1 1 1 1 1 1 1 1 1 1 1 1 1 
PWRGAS 1 1 1 1 1 1 1 1 1 1 1 1 1 1 1 1 1 1 1 1 1 
PWRTRN 1 1 1 1 1 1 1 1 1 1 1 1 1 1 1 1 1 1 1 1 1 
MINSOL 1 1 1 1 1 1 1 1 1 1 1 1 1 1 1 1 1 1 1 1 1 
MINWND 1 1 1 1 1 1 1 1 1 1 1 1 1 1 1 1 1 1 1 1 1 
PWRSOL 1 1 1 1 1 1 1 1 1 1 1 1 1 1 1 1 1 1 1 1 1 
PWRWND 1 1 1 1 1 1 1 1 1 1 1 1 1 1 1 1 1 1 1 1 1 
MINHYD 1 1 1 1 1 1 1 1 1 1 1 1 1 1 1 1 1 1 1 1 1 
PWRHYD 1 1 1 1 1 1 1 1 1 1 1 1 1 1 1 1 1 1 1 1 1 
Manuel 1.01 1.01 1.01 1.01 1.01 1.01 1.01 1.01 1.01 1.01 1.01 1.01 1.01 1.01 1.01 1.01 1.01 1.01 1.01 1.01 1.01 
;
param CapitalCost default 0.0001 := 
[RE1,*,*]: 
2020 2021 2022 2023 2024 2025 2026 2027 2028 2029 2030 2031 2032 2033 2034 2035 2036 2037 2038 2039 2040 :=
MINCOA 0 0.0001 0.0001 0.0001 0.0001 0 0.0001 0.0001 0.0001 0.0001 0.0001 0.0001 0.0001 0.0001 0.0001 0.0001 0.0001 0.0001 0.0001 0.0001 0.0001 
MINGAS 0.0001 0.0001 0.0001 0.0001 0.0001 0.0001 0.0001 0.0001 0.0001 0.0001 0.0001 0.0001 0.0001 0.0001 0.0001 0.0001 0.0001 0.0001 0.0001 0.0001 0.0001 
PWRCOA 2200 2200 2200 2200 2200 2200 2200 2200 2200 2200 2200 2200 2200 2200 2200 2200 2200 2200 2200 2200 2200 
PWRGAS 1250 1250 1250 1250 1250 1250 1250 1250 1250 1250 1250 1250 1250 1250 1250 1250 1250 1250 1250 1250 1250 
PWRTRN 1500 1500 1500 1500 1500 1500 1500 1500 1500 1500 1500 1500 1500 1500 1500 1500 1500 1500 1500 1500 1500 
MINSOL 0.0001 0.0001 0.0001 0.0001 0.0001 0.0001 0.0001 0.0001 0.0001 0.0001 0.0001 0.0001 0.0001 0.0001 0.0001 0.0001 0.0001 0.0001 0.0001 0.0001 0.0001 
MINWND 0.0001 0.0001 0.0001 0.0001 0.0001 0.0001 0.0001 0.0001 0.0001 0.0001 0.0001 0.0001 0.0001 0.0001 0.0001 0.0001 0.0001 0.0001 0.0001 0.0001 0.0001 
PWRSOL 1200 1200 1200 1200 1200 1200 1200 1200 1200 1200 1200 1200 1200 1200 1200 1200 1200 1200 1200 1200 1200 
PWRWND 1600 1600 1600 1600 1600 1600 1600 1600 1600 1600 1600 1600 1600 1600 1600 1600 1600 1600 1600 1600 1600 
MINHYD 0 0 0 0 0 0 0 0 0 0 0 0 0 0 0 0 0 0 0 0 0 
PWRHYD 2500 2500 2500 2500 2500 2500 2500 2500 2500 2500 2500 2500 2500 2500 2500 2500 2500 2500 2500 2500 2500 
Manuel 0.0001 0.0001 2 2 0.0001 0.0001 0.0001 0.0001 0.0001 0.0001 0.0001 0.0001 0.0001 0.0001 0.0001 0.0001 0.0001 0.0001 0.0001 0.0001 0.0001 
;
param FixedCost default 0 := 
[RE1,*,*]: 
2020 2021 2022 2023 2024 2025 2026 2027 2028 2029 2030 2031 2032 2033 2034 2035 2036 2037 2038 2039 2040 :=
MINCOA 0 0 0 0 0 0 0 0 0 0 0 0 0 0 0 0 0 0 0 0 0 
MINGAS 0 0 0 0 0 0 0 0 0 0 0 0 0 0 0 0 0 0 0 0 0 
PWRCOA 75 75 75 75 75 75 75 75 75 75 75 75 75 75 75 75 75 75 75 75 75 
PWRGAS 30 30 30 30 30 30 30 30 30 30 30 30 30 30 30 30 30 30 30 30 30 
PWRTRN 0 0 0 0 0 0 0 0 0 0 0 0 0 0 0 0 0 0 0 0 0 
MINSOL 0 0 0 0 0 0 0 0 0 0 0 0 0 0 0 0 0 0 0 0 0 
MINWND 0 0 0 0 0 0 0 0 0 0 0 0 0 0 0 0 0 0 0 0 0 
PWRSOL 20 20 20 20 20 20 20 20 20 20 20 20 20 20 20 20 20 20 20 20 20 
PWRWND 40 40 40 40 40 40 40 40 40 40 40 40 40 40 40 40 40 40 40 40 40 
MINHYD 0 0 0 0 0 0 0 0 0 0 0 0 0 0 0 0 0 0 0 0 0 
PWRHYD 60 60 60 60 60 60 60 60 60 60 60 60 60 60 60 60 60 60 60 60 60 
Manuel 0 0 0 0 0 0 0 0 0 0 0 0 0 0 0 0 0 0 0 0 0 
;
param ResidualCapacity default 0 := 
[RE1,*,*]: 
2020 2021 2022 2023 2024 2025 2026 2027 2028 2029 2030 2031 2032 2033 2034 2035 2036 2037 2038 2039 2040 :=
MINCOA 0 0 0 0 0 0 0 0 0 0 0 0 0 0 0 0 0 0 0 0 0 
MINGAS 0 0 0 0 0 0 0 0 0 0 0 0 0 0 0 0 0 0 0 0 0 
PWRCOA 0 0 0 0 0 0 0 0 0 0 0 0 0 0 0 0 0 0 0 0 0 
PWRGAS 0 0 0 0 0 0 0 0 0 0 0 0 0 0 0 0 0 0 0 0 0 
PWRTRN 0 0 0 0 0 0 0 0 0 0 0 0 0 0 0 0 0 0 0 0 0 
MINSOL 0 0 0 0 0 0 0 0 0 0 0 0 0 0 0 0 0 0 0 0 0 
MINWND 0 0 0 0 0 0 0 0 0 0 0 0 0 0 0 0 0 0 0 0 0 
PWRSOL 0 0 0 0 0 0 0 0 0 0 0 0 0 0 0 0 0 0 0 0 0 
PWRWND 0 0 0 0 0 0 0 0 0 0 0 0 0 0 0 0 0 0 0 0 0 
MINHYD 0 0 0 0 0 0 0 0 0 0 0 0 0 0 0 0 0 0 0 0 0 
PWRHYD 0 0 0 0 0 0 0 0 0 0 0 0 0 0 0 0 0 0 0 0 0 
Manuel 0 0 0 0 0 0 0 0 0 0 0 0 0 0 0 0 0 0 0 0 0 
;
param TotalAnnualMaxCapacity default 999999 := 
[RE1,*,*]: 
2020 2021 2022 2023 2024 2025 2026 2027 2028 2029 2030 2031 2032 2033 2034 2035 2036 2037 2038 2039 2040 :=
MINCOA 999999 999999 999999 999999 999999 999999 999999 999999 999999 999999 999999 999999 999999 999999 999999 999999 999999 999999 999999 999999 999999 
MINGAS 999999 999999 999999 999999 999999 999999 999999 999999 999999 999999 999999 999999 999999 999999 999999 999999 999999 999999 999999 999999 999999 
PWRCOA 999999 999999 999999 999999 999999 999999 999999 999999 999999 999999 999999 999999 999999 999999 999999 999999 999999 999999 999999 999999 999999 
PWRGAS 999999 999999 999999 999999 999999 999999 999999 999999 999999 999999 999999 999999 999999 999999 999999 999999 999999 999999 999999 999999 999999 
PWRTRN 999999 999999 999999 999999 999999 999999 999999 999999 999999 999999 999999 999999 999999 999999 999999 999999 999999 999999 999999 999999 999999 
MINSOL 999999 999999 999999 999999 999999 999999 999999 999999 999999 999999 999999 999999 999999 999999 999999 999999 999999 999999 999999 999999 999999 
MINWND 999999 999999 999999 999999 999999 999999 999999 999999 999999 999999 999999 999999 999999 999999 999999 999999 999999 999999 999999 999999 999999 
PWRSOL 999999 999999 999999 999999 999999 999999 999999 999999 999999 999999 999999 999999 999999 999999 999999 999999 999999 999999 999999 999999 999999 
PWRWND 999999 999999 999999 999999 999999 999999 999999 999999 999999 999999 999999 999999 999999 999999 999999 999999 999999 999999 999999 999999 999999 
MINHYD 999999 999999 999999 999999 999999 999999 999999 999999 999999 999999 999999 999999 999999 999999 999999 999999 999999 999999 999999 999999 999999 
PWRHYD 999999 999999 999999 999999 999999 999999 999999 999999 999999 999999 999999 999999 999999 999999 999999 999999 999999 999999 999999 999999 999999 
Manuel 999999 999999 999999 999999 999999 999999 999999 999999 999999 999999 999999 999999 999999 999999 999999 999999 999999 999999 999999 999999 999999 
;
param TotalAnnualMaxCapacityInvestment default 999999 := 
[RE1,*,*]: 
2020 2021 2022 2023 2024 2025 2026 2027 2028 2029 2030 2031 2032 2033 2034 2035 2036 2037 2038 2039 2040 :=
MINCOA 999999 999999 999999 999999 999999 999999 999999 999999 999999 999999 999999 999999 999999 999999 999999 999999 999999 999999 999999 999999 999999 
MINGAS 999999 999999 999999 999999 999999 999999 999999 999999 999999 999999 999999 999999 999999 999999 999999 999999 999999 999999 999999 999999 999999 
PWRCOA 999999 999999 999999 999999 999999 999999 999999 999999 999999 999999 999999 999999 999999 999999 999999 999999 999999 999999 999999 999999 999999 
PWRGAS 999999 999999 999999 999999 999999 999999 999999 999999 999999 999999 999999 999999 999999 999999 999999 999999 999999 999999 999999 999999 999999 
PWRTRN 999999 999999 999999 999999 999999 999999 999999 999999 999999 999999 999999 999999 999999 999999 999999 999999 999999 999999 999999 999999 999999 
MINSOL 999999 999999 999999 999999 999999 999999 999999 999999 999999 999999 999999 999999 999999 999999 999999 999999 999999 999999 999999 999999 999999 
MINWND 999999 999999 999999 999999 999999 999999 999999 999999 999999 999999 999999 999999 999999 999999 999999 999999 999999 999999 999999 999999 999999 
PWRSOL 999999 999999 999999 999999 999999 999999 999999 999999 999999 999999 999999 999999 999999 999999 999999 999999 999999 999999 999999 999999 999999 
PWRWND 999999 999999 999999 999999 999999 999999 999999 999999 999999 999999 999999 999999 999999 999999 999999 999999 999999 999999 999999 999999 999999 
MINHYD 999999 999999 999999 999999 999999 999999 999999 999999 999999 999999 999999 999999 999999 999999 999999 999999 999999 999999 999999 999999 999999 
PWRHYD 999999 999999 999999 999999 999999 999999 999999 999999 999999 999999 999999 999999 999999 999999 999999 999999 999999 999999 999999 999999 999999 
Manuel 999999 999999 999999 999999 999999 999999 999999 999999 999999 999999 999999 999999 999999 999999 999999 999999 999999 999999 999999 999999 999999 
;
param TotalAnnualMinCapacity default 0 := 
[RE1,*,*]: 
2020 2021 2022 2023 2024 2025 2026 2027 2028 2029 2030 2031 2032 2033 2034 2035 2036 2037 2038 2039 2040 :=
MINCOA 0 0 0 0 0 0 0 0 0 0 0 0 0 0 0 0 0 0 0 0 0 
MINGAS 0 0 0 0 0 0 0 0 0 0 0 0 0 0 0 0 0 0 0 0 0 
PWRCOA 0 0 0 0 0 0 0 0 0 0 0 0 0 0 0 0 0 0 0 0 0 
PWRGAS 0 0 0 0 0 0 0 0 0 0 0 0 0 0 0 0 0 0 0 0 0 
PWRTRN 0 0 0 0 0 0 0 0 0 0 0 0 0 0 0 0 0 0 0 0 0 
MINSOL 0 0 0 0 0 0 0 0 0 0 0 0 0 0 0 0 0 0 0 0 0 
MINWND 0 0 0 0 0 0 0 0 0 0 0 0 0 0 0 0 0 0 0 0 0 
PWRSOL 0 0 0 0 0 0 0 0 0 0 0 0 0 0 0 0 0 0 0 0 0 
PWRWND 0 0 0 0 0 0 0 0 0 0 0 0 0 0 0 0 0 0 0 0 0 
MINHYD 0 0 0 0 0 0 0 0 0 0 0 0 0 0 0 0 0 0 0 0 0 
PWRHYD 0 0 0 0 0 0 0 0 0 0 0 0 0 0 0 0 0 0 0 0 0 
Manuel 0 0 0 0 0 0 0 0 0 0 0 0 0 0 0 0 0 0 0 0 0 
;
param TotalAnnualMinCapacityInvestment default 0 := 
[RE1,*,*]: 
2020 2021 2022 2023 2024 2025 2026 2027 2028 2029 2030 2031 2032 2033 2034 2035 2036 2037 2038 2039 2040 :=
MINCOA 0 0 0 0 0 0 0 0 0 0 0 0 0 0 0 0 0 0 0 0 0 
MINGAS 0 0 0 0 0 0 0 0 0 0 0 0 0 0 0 0 0 0 0 0 0 
PWRCOA 0 0 0 0 0 0 0 0 0 0 0 0 0 0 0 0 0 0 0 0 0 
PWRGAS 0 0 0 0 0 0 0 0 0 0 0 0 0 0 0 0 0 0 0 0 0 
PWRTRN 0 0 0 0 0 0 0 0 0 0 0 0 0 0 0 0 0 0 0 0 0 
MINSOL 0 0 0 0 0 0 0 0 0 0 0 0 0 0 0 0 0 0 0 0 0 
MINWND 0 0 0 0 0 0 0 0 0 0 0 0 0 0 0 0 0 0 0 0 0 
PWRSOL 0 0 0 0 0 0 0 0 0 0 0 0 0 0 0 0 0 0 0 0 0 
PWRWND 0 0 0 0 0 0 0 0 0 0 0 0 0 0 0 0 0 0 0 0 0 
MINHYD 0 0 0 0 0 0 0 0 0 0 0 0 0 0 0 0 0 0 0 0 0 
PWRHYD 0 0 0 0 0 0 0 0 0 0 0 0 0 0 0 0 0 0 0 0 0 
Manuel 0 0 0 0 0 0 0 0 0 0 0 0 0 0 0 0 0 0 0 0 0 
;
param TotalTechnologyAnnualActivityLowerLimit default 0 := 
[RE1,*,*]: 
2020 2021 2022 2023 2024 2025 2026 2027 2028 2029 2030 2031 2032 2033 2034 2035 2036 2037 2038 2039 2040 :=
MINCOA 0 0 0 0 0 0 0 0 0 0 0 0 0 0 0 0 0 0 0 0 0 
MINGAS 0 0 0 0 0 0 0 0 0 0 0 0 0 0 0 0 0 0 0 0 0 
PWRCOA 0 0 0 0 0 0 0 0 0 0 0 0 0 0 0 0 0 0 0 0 0 
PWRGAS 0 0 0 0 0 0 0 0 0 0 0 0 0 0 0 0 0 0 0 0 0 
PWRTRN 0 0 0 0 0 0 0 0 0 0 0 0 0 0 0 0 0 0 0 0 0 
MINSOL 0 0 0 0 0 0 0 0 0 0 0 0 0 0 0 0 0 0 0 0 0 
MINWND 0 0 0 0 0 0 0 0 0 0 0 0 0 0 0 0 0 0 0 0 0 
PWRSOL 0 0 0 0 0 0 0 0 0 0 0 0 0 0 0 0 0 0 0 0 0 
PWRWND 0 0 0 0 0 0 0 0 0 0 0 0 0 0 0 0 0 0 0 0 0 
MINHYD 0 0 0 0 0 0 0 0 0 0 0 0 0 0 0 0 0 0 0 0 0 
PWRHYD 0 0 0 0 0 0 0 0 0 0 0 0 0 0 0 0 0 0 0 0 0 
Manuel 0 0 0 0 0 0 0 0 0 0 0 0 0 0 0 0 0 0 0 0 0 
;
param TotalTechnologyAnnualActivityUpperLimit default 999999 := 
[RE1,*,*]: 
2020 2021 2022 2023 2024 2025 2026 2027 2028 2029 2030 2031 2032 2033 2034 2035 2036 2037 2038 2039 2040 :=
MINCOA 999999 999999 999999 999999 999999 999999 999999 999999 999999 999999 999999 999999 999999 999999 999999 999999 999999 999999 999999 999999 999999 
MINGAS 999999 999999 999999 999999 999999 999999 999999 999999 999999 999999 999999 999999 999999 999999 999999 999999 999999 999999 999999 999999 999999 
PWRCOA 999999 999999 999999 999999 999999 999999 999999 999999 999999 999999 999999 999999 999999 999999 999999 999999 999999 999999 999999 999999 999999 
PWRGAS 999999 999999 999999 999999 999999 999999 999999 999999 999999 999999 999999 999999 999999 999999 999999 999999 999999 999999 999999 999999 999999 
PWRTRN 999999 999999 999999 999999 999999 999999 999999 999999 999999 999999 999999 999999 999999 999999 999999 999999 999999 999999 999999 999999 999999 
MINSOL 999999 999999 999999 999999 999999 999999 999999 999999 999999 999999 999999 999999 999999 999999 999999 999999 999999 999999 999999 999999 999999 
MINWND 999999 999999 999999 999999 999999 999999 999999 999999 999999 999999 999999 999999 999999 999999 999999 999999 999999 999999 999999 999999 999999 
PWRSOL 999999 999999 999999 999999 999999 999999 999999 999999 999999 999999 999999 999999 999999 999999 999999 999999 999999 999999 999999 999999 999999 
PWRWND 999999 999999 999999 999999 999999 999999 999999 999999 999999 999999 999999 999999 999999 999999 999999 999999 999999 999999 999999 999999 999999 
MINHYD 999999 999999 999999 999999 999999 999999 999999 999999 999999 999999 999999 999999 999999 999999 999999 999999 999999 999999 999999 999999 999999 
PWRHYD 999999 999999 999999 999999 999999 999999 999999 999999 999999 999999 999999 999999 999999 999999 999999 999999 999999 999999 999999 999999 999999 
Manuel 999999 999999 999999 999999 999999 999999 999999 999999 999999 999999 999999 999999 999999 999999 999999 999999 999999 999999 999999 999999 999999 
;
param ReserveMarginTagTechnology default 0 := 
[RE1,*,*]: 
2020 2021 2022 2023 2024 2025 2026 2027 2028 2029 2030 2031 2032 2033 2034 2035 2036 2037 2038 2039 2040 :=
MINCOA 0 0 0 0 0 0 0 0 0 0 0 0 0 0 0 0 0 0 0 0 0 
MINGAS 0 0 0 0 0 0 0 0 0 0 0 0 0 0 0 0 0 0 0 0 0 
PWRCOA 0 0 0 0 0 0 0 0 0 0 0 0 0 0 0 0 0 0 0 0 0 
PWRGAS 0 0 0 0 0 0 0 0 0 0 0 0 0 0 0 0 0 0 0 0 0 
PWRTRN 0 0 0 0 0 0 0 0 0 0 0 0 0 0 0 0 0 0 0 0 0 
MINSOL 0 0 0 0 0 0 0 0 0 0 0 0 0 0 0 0 0 0 0 0 0 
MINWND 0 0 0 0 0 0 0 0 0 0 0 0 0 0 0 0 0 0 0 0 0 
PWRSOL 0 0 0 0 0 0 0 0 0 0 0 0 0 0 0 0 0 0 0 0 0 
PWRWND 0 0 0 0 0 0 0 0 0 0 0 0 0 0 0 0 0 0 0 0 0 
MINHYD 0 0 0 0 0 0 0 0 0 0 0 0 0 0 0 0 0 0 0 0 0 
PWRHYD 0 0 0 0 0 0 0 0 0 0 0 0 0 0 0 0 0 0 0 0 0 
Manuel 0 0 0 0 0 0 0 0 0 0 0 0 0 0 0 0 0 0 0 0 0 
;
param RETagTechnology default 0 := 
[RE1,*,*]: 
2020 2021 2022 2023 2024 2025 2026 2027 2028 2029 2030 2031 2032 2033 2034 2035 2036 2037 2038 2039 2040 :=
MINCOA 0 0 0 0 0 0 0 0 0 0 0 0 0 0 0 0 0 0 0 0 0 
MINGAS 0 0 0 0 0 0 0 0 0 0 0 0 0 0 0 0 0 0 0 0 0 
PWRCOA 0 0 0 0 0 0 0 0 0 0 0 0 0 0 0 0 0 0 0 0 0 
PWRGAS 0 0 0 0 0 0 0 0 0 0 0 0 0 0 0 0 0 0 0 0 0 
PWRTRN 0 0 0 0 0 0 0 0 0 0 0 0 0 0 0 0 0 0 0 0 0 
MINSOL 0 0 0 0 0 0 0 0 0 0 0 0 0 0 0 0 0 0 0 0 0 
MINWND 0 0 0 0 0 0 0 0 0 0 0 0 0 0 0 0 0 0 0 0 0 
PWRSOL 0 0 0 0 0 0 0 0 0 0 0 0 0 0 0 0 0 0 0 0 0 
PWRWND 0 0 0 0 0 0 0 0 0 0 0 0 0 0 0 0 0 0 0 0 0 
MINHYD 0 0 0 0 0 0 0 0 0 0 0 0 0 0 0 0 0 0 0 0 0 
PWRHYD 0 0 0 0 0 0 0 0 0 0 0 0 0 0 0 0 0 0 0 0 0 
Manuel 0 0 0 0 0 0 0 0 0 0 0 0 0 0 0 0 0 0 0 0 0 
;
param CapacityOfOneTechnologyUnit default 0 := 
[RE1,*,*]: 
2020 2021 2022 2023 2024 2025 2026 2027 2028 2029 2030 2031 2032 2033 2034 2035 2036 2037 2038 2039 2040 :=
MINCOA 0 0 0 0 0 0 0 0 0 0 0 0 0 0 0 0 0 0 0 0 0 
MINGAS 0 0 0 0 0 0 0 0 0 0 0 0 0 0 0 0 0 0 0 0 0 
PWRCOA 0 0 0 0 0 0 0 0 0 0 0 0 0 0 0 0 0 0 0 0 0 
PWRGAS 0 0 0 0 0 0 0 0 0 0 0 0 0 0 0 0 0 0 0 0 0 
PWRTRN 0 0 0 0 0 0 0 0 0 0 0 0 0 0 0 0 0 0 0 0 0 
MINSOL 0 0 0 0 0 0 0 0 0 0 0 0 0 0 0 0 0 0 0 0 0 
MINWND 0 0 0 0 0 0 0 0 0 0 0 0 0 0 0 0 0 0 0 0 0 
PWRSOL 0 0 0 0 0 0 0 0 0 0 0 0 0 0 0 0 0 0 0 0 0 
PWRWND 0 0 0 0 0 0 0 0 0 0 0 0 0 0 0 0 0 0 0 0 0 
MINHYD 0 0 0 0 0 0 0 0 0 0 0 0 0 0 0 0 0 0 0 0 0 
PWRHYD 0 0 0 0 0 0 0 0 0 0 0 0 0 0 0 0 0 0 0 0 0 
Manuel 0 0 0 0 0 0 0 0 0 0 0 0 0 0 0 0 0 0 0 0 0 
;

param VariableCost default 0.0001 := 
[RE1,MINCOA,*,*]: 
2020 2021 2022 2023 2024 2025 2026 2027 2028 2029 2030 2031 2032 2033 2034 2035 2036 2037 2038 2039 2040 :=
1 5 5 5 5 5 5 5 5 5 5 5 5 5 5 5 5 5 5 5 5 5 
[RE1,MINGAS,*,*]: 
2020 2021 2022 2023 2024 2025 2026 2027 2028 2029 2030 2031 2032 2033 2034 2035 2036 2037 2038 2039 2040 :=
1 10 10 10 10 10 10 10 10 10 10 10 10 10 10 10 10 10 10 10 10 10 
[RE1,PWRCOA,*,*]: 
2020 2021 2022 2023 2024 2025 2026 2027 2028 2029 2030 2031 2032 2033 2034 2035 2036 2037 2038 2039 2040 :=
1 0.0001 0.0001 0.0001 0.0001 0.0001 0.0001 0.0001 0.0001 0.0001 0.0001 0.0001 0.0001 0.0001 0.0001 0.0001 0.0001 0.0001 0.0001 0.0001 0.0001 0.0001 
[RE1,PWRGAS,*,*]: 
2020 2021 2022 2023 2024 2025 2026 2027 2028 2029 2030 2031 2032 2033 2034 2035 2036 2037 2038 2039 2040 :=
1 0.0001 0.0001 0.0001 0.0001 0.0001 0.0001 0.0001 0.0001 0.0001 0.0001 0.0001 0.0001 0.0001 0.0001 0.0001 0.0001 0.0001 0.0001 0.0001 0.0001 0.0001 
[RE1,PWRTRN,*,*]: 
2020 2021 2022 2023 2024 2025 2026 2027 2028 2029 2030 2031 2032 2033 2034 2035 2036 2037 2038 2039 2040 :=
1 0.0001 0.0001 0.0001 0.0001 0.0001 0.0001 0.0001 0.0001 0.0001 0.0001 0.0001 0.0001 0.0001 0.0001 0.0001 0.0001 0.0001 0.0001 0.0001 0.0001 0.0001 
[RE1,MINSOL,*,*]: 
2020 2021 2022 2023 2024 2025 2026 2027 2028 2029 2030 2031 2032 2033 2034 2035 2036 2037 2038 2039 2040 :=
1 0.0001 0.0001 0.0001 0.0001 0.0001 0.0001 0.0001 0.0001 0.0001 0.0001 0.0001 0.0001 0.0001 0.0001 0.0001 0.0001 0.0001 0.0001 0.0001 0.0001 0.0001 
[RE1,MINWND,*,*]: 
2020 2021 2022 2023 2024 2025 2026 2027 2028 2029 2030 2031 2032 2033 2034 2035 2036 2037 2038 2039 2040 :=
1 0.0001 0.0001 0.0001 0.0001 0.0001 0.0001 0.0001 0.0001 0.0001 0.0001 0.0001 0.0001 0.0001 0.0001 0.0001 0.0001 0.0001 0.0001 0.0001 0.0001 0.0001 
[RE1,PWRSOL,*,*]: 
2020 2021 2022 2023 2024 2025 2026 2027 2028 2029 2030 2031 2032 2033 2034 2035 2036 2037 2038 2039 2040 :=
1 0.0001 0.0001 0.0001 0.0001 0.0001 0.0001 0.0001 0.0001 0.0001 0.0001 0.0001 0.0001 0.0001 0.0001 0.0001 0.0001 0.0001 0.0001 0.0001 0.0001 0.0001 
[RE1,PWRWND,*,*]: 
2020 2021 2022 2023 2024 2025 2026 2027 2028 2029 2030 2031 2032 2033 2034 2035 2036 2037 2038 2039 2040 :=
1 0.0001 0.0001 0.0001 0.0001 0.0001 0.0001 0.0001 0.0001 0.0001 0.0001 0.0001 0.0001 0.0001 0.0001 0.0001 0.0001 0.0001 0.0001 0.0001 0.0001 0.0001 
[RE1,MINHYD,*,*]: 
2020 2021 2022 2023 2024 2025 2026 2027 2028 2029 2030 2031 2032 2033 2034 2035 2036 2037 2038 2039 2040 :=
1 0.0001 0.0001 0.0001 0.0001 0.0001 0.0001 0.0001 0.0001 0.0001 0.0001 0.0001 0.0001 0.0001 0.0001 0.0001 0.0001 0.0001 0.0001 0.0001 0.0001 0.0001 
[RE1,PWRHYD,*,*]: 
2020 2021 2022 2023 2024 2025 2026 2027 2028 2029 2030 2031 2032 2033 2034 2035 2036 2037 2038 2039 2040 :=
1 0.0001 0.0001 0.0001 0.0001 0.0001 0.0001 0.0001 0.0001 0.0001 0.0001 0.0001 0.0001 0.0001 0.0001 0.0001 0.0001 0.0001 0.0001 0.0001 0.0001 0.0001 
[RE1,Manuel,*,*]: 
2020 2021 2022 2023 2024 2025 2026 2027 2028 2029 2030 2031 2032 2033 2034 2035 2036 2037 2038 2039 2040 :=
1 0.0001 0.0001 0.0001 0.0001 0.0001 0.0001 0.0001 0.0001 0.0001 0.0001 0.0001 0.0001 0.0001 0.0001 0.0001 0.0001 0.0001 0.0001 0.0001 0.0001 0.0001 
;
param TechnologyActivityByModeLowerLimit default 0 := 
[RE1,MINCOA,*,*]: 
2020 2021 2022 2023 2024 2025 2026 2027 2028 2029 2030 2031 2032 2033 2034 2035 2036 2037 2038 2039 2040 :=
1 0 0 0 0 0 0 0 0 0 0 0 0 0 0 0 0 0 0 0 0 0 
[RE1,MINGAS,*,*]: 
2020 2021 2022 2023 2024 2025 2026 2027 2028 2029 2030 2031 2032 2033 2034 2035 2036 2037 2038 2039 2040 :=
1 0 0 0 0 0 0 0 0 0 0 0 0 0 0 0 0 0 0 0 0 0 
[RE1,PWRCOA,*,*]: 
2020 2021 2022 2023 2024 2025 2026 2027 2028 2029 2030 2031 2032 2033 2034 2035 2036 2037 2038 2039 2040 :=
1 0 0 0 0 0 0 0 0 0 0 0 0 0 0 0 0 0 0 0 0 0 
[RE1,PWRGAS,*,*]: 
2020 2021 2022 2023 2024 2025 2026 2027 2028 2029 2030 2031 2032 2033 2034 2035 2036 2037 2038 2039 2040 :=
1 0 0 0 0 0 0 0 0 0 0 0 0 0 0 0 0 0 0 0 0 0 
[RE1,PWRTRN,*,*]: 
2020 2021 2022 2023 2024 2025 2026 2027 2028 2029 2030 2031 2032 2033 2034 2035 2036 2037 2038 2039 2040 :=
1 0 0 0 0 0 0 0 0 0 0 0 0 0 0 0 0 0 0 0 0 0 
[RE1,MINSOL,*,*]: 
2020 2021 2022 2023 2024 2025 2026 2027 2028 2029 2030 2031 2032 2033 2034 2035 2036 2037 2038 2039 2040 :=
1 0 0 0 0 0 0 0 0 0 0 0 0 0 0 0 0 0 0 0 0 0 
[RE1,MINWND,*,*]: 
2020 2021 2022 2023 2024 2025 2026 2027 2028 2029 2030 2031 2032 2033 2034 2035 2036 2037 2038 2039 2040 :=
1 0 0 0 0 0 0 0 0 0 0 0 0 0 0 0 0 0 0 0 0 0 
[RE1,PWRSOL,*,*]: 
2020 2021 2022 2023 2024 2025 2026 2027 2028 2029 2030 2031 2032 2033 2034 2035 2036 2037 2038 2039 2040 :=
1 0 0 0 0 0 0 0 0 0 0 0 0 0 0 0 0 0 0 0 0 0 
[RE1,PWRWND,*,*]: 
2020 2021 2022 2023 2024 2025 2026 2027 2028 2029 2030 2031 2032 2033 2034 2035 2036 2037 2038 2039 2040 :=
1 0 0 0 0 0 0 0 0 0 0 0 0 0 0 0 0 0 0 0 0 0 
[RE1,MINHYD,*,*]: 
2020 2021 2022 2023 2024 2025 2026 2027 2028 2029 2030 2031 2032 2033 2034 2035 2036 2037 2038 2039 2040 :=
1 0 0 0 0 0 0 0 0 0 0 0 0 0 0 0 0 0 0 0 0 0 
[RE1,PWRHYD,*,*]: 
2020 2021 2022 2023 2024 2025 2026 2027 2028 2029 2030 2031 2032 2033 2034 2035 2036 2037 2038 2039 2040 :=
1 0 0 0 0 0 0 0 0 0 0 0 0 0 0 0 0 0 0 0 0 0 
[RE1,Manuel,*,*]: 
2020 2021 2022 2023 2024 2025 2026 2027 2028 2029 2030 2031 2032 2033 2034 2035 2036 2037 2038 2039 2040 :=
1 0 0 0 0 0 0 0 0 0 0 0 0 0 0 0 0 0 0 0 0 0 
;
param TechnologyActivityByModeUpperLimit default 999999 := 
[RE1,MINCOA,*,*]: 
2020 2021 2022 2023 2024 2025 2026 2027 2028 2029 2030 2031 2032 2033 2034 2035 2036 2037 2038 2039 2040 :=
1 999999 999999 999999 999999 999999 999999 999999 999999 999999 999999 999999 999999 999999 999999 999999 999999 999999 999999 999999 999999 999999 
[RE1,MINGAS,*,*]: 
2020 2021 2022 2023 2024 2025 2026 2027 2028 2029 2030 2031 2032 2033 2034 2035 2036 2037 2038 2039 2040 :=
1 999999 999999 999999 999999 999999 999999 999999 999999 999999 999999 999999 999999 999999 999999 999999 999999 999999 999999 999999 999999 999999 
[RE1,PWRCOA,*,*]: 
2020 2021 2022 2023 2024 2025 2026 2027 2028 2029 2030 2031 2032 2033 2034 2035 2036 2037 2038 2039 2040 :=
1 999999 999999 999999 999999 999999 999999 999999 999999 999999 999999 999999 999999 999999 999999 999999 999999 999999 999999 999999 999999 999999 
[RE1,PWRGAS,*,*]: 
2020 2021 2022 2023 2024 2025 2026 2027 2028 2029 2030 2031 2032 2033 2034 2035 2036 2037 2038 2039 2040 :=
1 999999 999999 999999 999999 999999 999999 999999 999999 999999 999999 999999 999999 999999 999999 999999 999999 999999 999999 999999 999999 999999 
[RE1,PWRTRN,*,*]: 
2020 2021 2022 2023 2024 2025 2026 2027 2028 2029 2030 2031 2032 2033 2034 2035 2036 2037 2038 2039 2040 :=
1 999999 999999 999999 999999 999999 999999 999999 999999 999999 999999 999999 999999 999999 999999 999999 999999 999999 999999 999999 999999 999999 
[RE1,MINSOL,*,*]: 
2020 2021 2022 2023 2024 2025 2026 2027 2028 2029 2030 2031 2032 2033 2034 2035 2036 2037 2038 2039 2040 :=
1 999999 999999 999999 999999 999999 999999 999999 999999 999999 999999 999999 999999 999999 999999 999999 999999 999999 999999 999999 999999 999999 
[RE1,MINWND,*,*]: 
2020 2021 2022 2023 2024 2025 2026 2027 2028 2029 2030 2031 2032 2033 2034 2035 2036 2037 2038 2039 2040 :=
1 999999 999999 999999 999999 999999 999999 999999 999999 999999 999999 999999 999999 999999 999999 999999 999999 999999 999999 999999 999999 999999 
[RE1,PWRSOL,*,*]: 
2020 2021 2022 2023 2024 2025 2026 2027 2028 2029 2030 2031 2032 2033 2034 2035 2036 2037 2038 2039 2040 :=
1 999999 999999 999999 999999 999999 999999 999999 999999 999999 999999 999999 999999 999999 999999 999999 999999 999999 999999 999999 999999 999999 
[RE1,PWRWND,*,*]: 
2020 2021 2022 2023 2024 2025 2026 2027 2028 2029 2030 2031 2032 2033 2034 2035 2036 2037 2038 2039 2040 :=
1 999999 999999 999999 999999 999999 999999 999999 999999 999999 999999 999999 999999 999999 999999 999999 999999 999999 999999 999999 999999 999999 
[RE1,MINHYD,*,*]: 
2020 2021 2022 2023 2024 2025 2026 2027 2028 2029 2030 2031 2032 2033 2034 2035 2036 2037 2038 2039 2040 :=
1 999999 999999 999999 999999 999999 999999 999999 999999 999999 999999 999999 999999 999999 999999 999999 999999 999999 999999 999999 999999 999999 
[RE1,PWRHYD,*,*]: 
2020 2021 2022 2023 2024 2025 2026 2027 2028 2029 2030 2031 2032 2033 2034 2035 2036 2037 2038 2039 2040 :=
1 999999 999999 999999 999999 999999 999999 999999 999999 999999 999999 999999 999999 999999 999999 999999 999999 999999 999999 999999 999999 999999 
[RE1,Manuel,*,*]: 
2020 2021 2022 2023 2024 2025 2026 2027 2028 2029 2030 2031 2032 2033 2034 2035 2036 2037 2038 2039 2040 :=
1 999999 999999 999999 999999 999999 999999 999999 999999 999999 999999 999999 999999 999999 999999 999999 999999 999999 999999 999999 999999 999999 
;
param TechnologyActivityDecreaseByModeLimit default 0 := 
[RE1,MINCOA,*,*]: 
2020 2021 2022 2023 2024 2025 2026 2027 2028 2029 2030 2031 2032 2033 2034 2035 2036 2037 2038 2039 2040 :=
1 0 0 0 0 0 0 0 0 0 0 0 0 0 0 0 0 0 0 0 0 0 
[RE1,MINGAS,*,*]: 
2020 2021 2022 2023 2024 2025 2026 2027 2028 2029 2030 2031 2032 2033 2034 2035 2036 2037 2038 2039 2040 :=
1 0 0 0 0 0 0 0 0 0 0 0 0 0 0 0 0 0 0 0 0 0 
[RE1,PWRCOA,*,*]: 
2020 2021 2022 2023 2024 2025 2026 2027 2028 2029 2030 2031 2032 2033 2034 2035 2036 2037 2038 2039 2040 :=
1 0 0 0 0 0 0 0 0 0 0 0 0 0 0 0 0 0 0 0 0 0 
[RE1,PWRGAS,*,*]: 
2020 2021 2022 2023 2024 2025 2026 2027 2028 2029 2030 2031 2032 2033 2034 2035 2036 2037 2038 2039 2040 :=
1 0 0 0 0 0 0 0 0 0 0 0 0 0 0 0 0 0 0 0 0 0 
[RE1,PWRTRN,*,*]: 
2020 2021 2022 2023 2024 2025 2026 2027 2028 2029 2030 2031 2032 2033 2034 2035 2036 2037 2038 2039 2040 :=
1 0 0 0 0 0 0 0 0 0 0 0 0 0 0 0 0 0 0 0 0 0 
[RE1,MINSOL,*,*]: 
2020 2021 2022 2023 2024 2025 2026 2027 2028 2029 2030 2031 2032 2033 2034 2035 2036 2037 2038 2039 2040 :=
1 0 0 0 0 0 0 0 0 0 0 0 0 0 0 0 0 0 0 0 0 0 
[RE1,MINWND,*,*]: 
2020 2021 2022 2023 2024 2025 2026 2027 2028 2029 2030 2031 2032 2033 2034 2035 2036 2037 2038 2039 2040 :=
1 0 0 0 0 0 0 0 0 0 0 0 0 0 0 0 0 0 0 0 0 0 
[RE1,PWRSOL,*,*]: 
2020 2021 2022 2023 2024 2025 2026 2027 2028 2029 2030 2031 2032 2033 2034 2035 2036 2037 2038 2039 2040 :=
1 0 0 0 0 0 0 0 0 0 0 0 0 0 0 0 0 0 0 0 0 0 
[RE1,PWRWND,*,*]: 
2020 2021 2022 2023 2024 2025 2026 2027 2028 2029 2030 2031 2032 2033 2034 2035 2036 2037 2038 2039 2040 :=
1 0 0 0 0 0 0 0 0 0 0 0 0 0 0 0 0 0 0 0 0 0 
[RE1,MINHYD,*,*]: 
2020 2021 2022 2023 2024 2025 2026 2027 2028 2029 2030 2031 2032 2033 2034 2035 2036 2037 2038 2039 2040 :=
1 0 0 0 0 0 0 0 0 0 0 0 0 0 0 0 0 0 0 0 0 0 
[RE1,PWRHYD,*,*]: 
2020 2021 2022 2023 2024 2025 2026 2027 2028 2029 2030 2031 2032 2033 2034 2035 2036 2037 2038 2039 2040 :=
1 0 0 0 0 0 0 0 0 0 0 0 0 0 0 0 0 0 0 0 0 0 
[RE1,Manuel,*,*]: 
2020 2021 2022 2023 2024 2025 2026 2027 2028 2029 2030 2031 2032 2033 2034 2035 2036 2037 2038 2039 2040 :=
1 0 0 0 0 0 0 0 0 0 0 0 0 0 0 0 0 0 0 0 0 0 
;
param TechnologyActivityIncreaseByModeLimit default 0 := 
[RE1,MINCOA,*,*]: 
2020 2021 2022 2023 2024 2025 2026 2027 2028 2029 2030 2031 2032 2033 2034 2035 2036 2037 2038 2039 2040 :=
1 0 0 0 0 0 0 0 0 0 0 0 0 0 0 0 0 0 0 0 0 0 
[RE1,MINGAS,*,*]: 
2020 2021 2022 2023 2024 2025 2026 2027 2028 2029 2030 2031 2032 2033 2034 2035 2036 2037 2038 2039 2040 :=
1 0 0 0 0 0 0 0 0 0 0 0 0 0 0 0 0 0 0 0 0 0 
[RE1,PWRCOA,*,*]: 
2020 2021 2022 2023 2024 2025 2026 2027 2028 2029 2030 2031 2032 2033 2034 2035 2036 2037 2038 2039 2040 :=
1 0 0 0 0 0 0 0 0 0 0 0 0 0 0 0 0 0 0 0 0 0 
[RE1,PWRGAS,*,*]: 
2020 2021 2022 2023 2024 2025 2026 2027 2028 2029 2030 2031 2032 2033 2034 2035 2036 2037 2038 2039 2040 :=
1 0 0 0 0 0 0 0 0 0 0 0 0 0 0 0 0 0 0 0 0 0 
[RE1,PWRTRN,*,*]: 
2020 2021 2022 2023 2024 2025 2026 2027 2028 2029 2030 2031 2032 2033 2034 2035 2036 2037 2038 2039 2040 :=
1 0 0 0 0 0 0 0 0 0 0 0 0 0 0 0 0 0 0 0 0 0 
[RE1,MINSOL,*,*]: 
2020 2021 2022 2023 2024 2025 2026 2027 2028 2029 2030 2031 2032 2033 2034 2035 2036 2037 2038 2039 2040 :=
1 0 0 0 0 0 0 0 0 0 0 0 0 0 0 0 0 0 0 0 0 0 
[RE1,MINWND,*,*]: 
2020 2021 2022 2023 2024 2025 2026 2027 2028 2029 2030 2031 2032 2033 2034 2035 2036 2037 2038 2039 2040 :=
1 0 0 0 0 0 0 0 0 0 0 0 0 0 0 0 0 0 0 0 0 0 
[RE1,PWRSOL,*,*]: 
2020 2021 2022 2023 2024 2025 2026 2027 2028 2029 2030 2031 2032 2033 2034 2035 2036 2037 2038 2039 2040 :=
1 0 0 0 0 0 0 0 0 0 0 0 0 0 0 0 0 0 0 0 0 0 
[RE1,PWRWND,*,*]: 
2020 2021 2022 2023 2024 2025 2026 2027 2028 2029 2030 2031 2032 2033 2034 2035 2036 2037 2038 2039 2040 :=
1 0 0 0 0 0 0 0 0 0 0 0 0 0 0 0 0 0 0 0 0 0 
[RE1,MINHYD,*,*]: 
2020 2021 2022 2023 2024 2025 2026 2027 2028 2029 2030 2031 2032 2033 2034 2035 2036 2037 2038 2039 2040 :=
1 0 0 0 0 0 0 0 0 0 0 0 0 0 0 0 0 0 0 0 0 0 
[RE1,PWRHYD,*,*]: 
2020 2021 2022 2023 2024 2025 2026 2027 2028 2029 2030 2031 2032 2033 2034 2035 2036 2037 2038 2039 2040 :=
1 0 0 0 0 0 0 0 0 0 0 0 0 0 0 0 0 0 0 0 0 0 
[RE1,Manuel,*,*]: 
2020 2021 2022 2023 2024 2025 2026 2027 2028 2029 2030 2031 2032 2033 2034 2035 2036 2037 2038 2039 2040 :=
1 0 0 0 0 0 0 0 0 0 0 0 0 0 0 0 0 0 0 0 0 0 
;

param InputToNewCapacityRatio default 0 := 
[RE1,MINCOA,*,*]:
2020 2021 2022 2023 2024 2025 2026 2027 2028 2029 2030 2031 2032 2033 2034 2035 2036 2037 2038 2039 2040 :=
COA 0 0 0 0 0 0 0 0 0 0 0 0 0 0 0 0 0 0 0 0 0 
[RE1,MINGAS,*,*]:
2020 2021 2022 2023 2024 2025 2026 2027 2028 2029 2030 2031 2032 2033 2034 2035 2036 2037 2038 2039 2040 :=
COA 0 0 0 0 0 0 0 0 0 0 0 0 0 0 0 0 0 0 0 0 0 
[RE1,PWRGAS,*,*]:
2020 2021 2022 2023 2024 2025 2026 2027 2028 2029 2030 2031 2032 2033 2034 2035 2036 2037 2038 2039 2040 :=
COA 0 0 0 0 0 0 0 0 0 0 0 0 0 0 0 0 0 0 0 0 0 
[RE1,PWRGAS,*,*]:
2020 2021 2022 2023 2024 2025 2026 2027 2028 2029 2030 2031 2032 2033 2034 2035 2036 2037 2038 2039 2040 :=
GAS 0 0 0 0 0 0 0 0 0 0 0 0 0 0 0 0 0 0 0 0 0 
[RE1,MINSOL,*,*]:
2020 2021 2022 2023 2024 2025 2026 2027 2028 2029 2030 2031 2032 2033 2034 2035 2036 2037 2038 2039 2040 :=
SOL 0 0 0 0 0 0 0 0 0 0 0 0 0 0 0 0 0 0 0 0 0 
[RE1,MINSOL,*,*]:
2020 2021 2022 2023 2024 2025 2026 2027 2028 2029 2030 2031 2032 2033 2034 2035 2036 2037 2038 2039 2040 :=
WND 0 0 0 0 0 0 0 0 0 0 0 0 0 0 0 0 0 0 0 0 0 
[RE1,MINSOL,*,*]:
2020 2021 2022 2023 2024 2025 2026 2027 2028 2029 2030 2031 2032 2033 2034 2035 2036 2037 2038 2039 2040 :=
HYD 0 0 0 0 0 0 0 0 0 0 0 0 0 0 0 0 0 0 0 0 0 
;
param InputToTotalCapacityRatio default 0 := 
[RE1,MINCOA,*,*]:
2020 2021 2022 2023 2024 2025 2026 2027 2028 2029 2030 2031 2032 2033 2034 2035 2036 2037 2038 2039 2040 :=
COA 1 1 1 1 1 1 1 1 1 1 1 1 1 1 1 1 1 1 1 1 1 
[RE1,MINGAS,*,*]:
2020 2021 2022 2023 2024 2025 2026 2027 2028 2029 2030 2031 2032 2033 2034 2035 2036 2037 2038 2039 2040 :=
COA 0 0 0 0 0 0 0 0 0 0 0 0 0 0 0 0 0 0 0 0 0 
[RE1,PWRGAS,*,*]:
2020 2021 2022 2023 2024 2025 2026 2027 2028 2029 2030 2031 2032 2033 2034 2035 2036 2037 2038 2039 2040 :=
COA 0 0 0 0 0 0 0 0 0 0 0 0 0 0 0 0 0 0 0 0 0 
[RE1,PWRGAS,*,*]:
2020 2021 2022 2023 2024 2025 2026 2027 2028 2029 2030 2031 2032 2033 2034 2035 2036 2037 2038 2039 2040 :=
ELC001 0 0 0 0 0 0 0 0 0 0 0 0 0 0 0 0 0 0 0 0 0 
[RE1,MINSOL,*,*]:
2020 2021 2022 2023 2024 2025 2026 2027 2028 2029 2030 2031 2032 2033 2034 2035 2036 2037 2038 2039 2040 :=
COA 0 0 0 0 0 0 0 0 0 0 0 0 0 0 0 0 0 0 0 0 0 
[RE1,MINSOL,*,*]:
2020 2021 2022 2023 2024 2025 2026 2027 2028 2029 2030 2031 2032 2033 2034 2035 2036 2037 2038 2039 2040 :=
ELC002 0 0 0 0 0 0 0 0 0 0 0 0 0 0 0 0 0 0 0 0 0 
;

param InputActivityRatio default 0 := 
[RE1,PWRCOA,COA,*,*]:
2020 2021 2022 2023 2024 2025 2026 2027 2028 2029 2030 2031 2032 2033 2034 2035 2036 2037 2038 2039 2040 :=
1 3 3 3 3 3 3 3 3 3 3 3 3 3 3 3 3 3 3 3 3 3 
[RE1,PWRGAS,GAS,*,*]:
2020 2021 2022 2023 2024 2025 2026 2027 2028 2029 2030 2031 2032 2033 2034 2035 2036 2037 2038 2039 2040 :=
1 2 2 2 2 2 2 2 2 2 2 2 2 2 2 2 2 2 2 2 2 2 
[RE1,PWRTRN,ELC001,*,*]:
2020 2021 2022 2023 2024 2025 2026 2027 2028 2029 2030 2031 2032 2033 2034 2035 2036 2037 2038 2039 2040 :=
1 1.1 1.1 1.1 1.1 1.1 1.1 1.1 1.1 1.1 1.1 1.1 1.1 1.1 1.1 1.1 1.1 1.1 1.1 1.1 1.1 1.1 
[RE1,PWRSOL,SOL,*,*]:
2020 2021 2022 2023 2024 2025 2026 2027 2028 2029 2030 2031 2032 2033 2034 2035 2036 2037 2038 2039 2040 :=
1 1 1 1 1 1 1 1 1 1 1 1 1 1 1 1 1 1 1 1 1 1 
[RE1,PWRWND,WND,*,*]:
2020 2021 2022 2023 2024 2025 2026 2027 2028 2029 2030 2031 2032 2033 2034 2035 2036 2037 2038 2039 2040 :=
1 1 1 1 1 1 1 1 1 1 1 1 1 1 1 1 1 1 1 1 1 1 
[RE1,PWRHYD,HYD,*,*]:
2020 2021 2022 2023 2024 2025 2026 2027 2028 2029 2030 2031 2032 2033 2034 2035 2036 2037 2038 2039 2040 :=
1 1 1 1 1 1 1 1 1 1 1 1 1 1 1 1 1 1 1 1 1 1 
[RE1,Manuel,COA,*,*]:
2020 2021 2022 2023 2024 2025 2026 2027 2028 2029 2030 2031 2032 2033 2034 2035 2036 2037 2038 2039 2040 :=
1 0 0 0 0 0 0 0 0 0 0 0 0 0 0 0 0 0 0 0 0 0 
;
param OutputActivityRatio default 0 := 
[RE1,MINCOA,COA,*,*]:
2020 2021 2022 2023 2024 2025 2026 2027 2028 2029 2030 2031 2032 2033 2034 2035 2036 2037 2038 2039 2040 :=
1 1 1 1 1 1 1 1 1 1 1 1 1 1 1 1 1 1 1 1 1 1 
[RE1,MINGAS,GAS,*,*]:
2020 2021 2022 2023 2024 2025 2026 2027 2028 2029 2030 2031 2032 2033 2034 2035 2036 2037 2038 2039 2040 :=
1 1 1 1 1 1 1 1 1 1 1 1 1 1 1 1 1 1 1 1 1 1 
[RE1,PWRCOA,ELC001,*,*]:
2020 2021 2022 2023 2024 2025 2026 2027 2028 2029 2030 2031 2032 2033 2034 2035 2036 2037 2038 2039 2040 :=
1 1 1 1 1 1 1 1 1 1 1 1 1 1 1 1 1 1 1 1 1 1 
[RE1,PWRGAS,ELC001,*,*]:
2020 2021 2022 2023 2024 2025 2026 2027 2028 2029 2030 2031 2032 2033 2034 2035 2036 2037 2038 2039 2040 :=
1 1 1 1 1 1 1 1 1 1 1 1 1 1 1 1 1 1 1 1 1 1 
[RE1,PWRTRN,ELC002,*,*]:
2020 2021 2022 2023 2024 2025 2026 2027 2028 2029 2030 2031 2032 2033 2034 2035 2036 2037 2038 2039 2040 :=
1 1 1 1 1 1 1 1 1 1 1 1 1 1 1 1 1 1 1 1 1 1 
[RE1,MINSOL,SOL,*,*]:
2020 2021 2022 2023 2024 2025 2026 2027 2028 2029 2030 2031 2032 2033 2034 2035 2036 2037 2038 2039 2040 :=
1 1 1 1 1 1 1 1 1 1 1 1 1 1 1 1 1 1 1 1 1 1 
[RE1,MINWND,WND,*,*]:
2020 2021 2022 2023 2024 2025 2026 2027 2028 2029 2030 2031 2032 2033 2034 2035 2036 2037 2038 2039 2040 :=
1 1 1 1 1 1 1 1 1 1 1 1 1 1 1 1 1 1 1 1 1 1 
[RE1,PWRSOL,ELC002,*,*]:
2020 2021 2022 2023 2024 2025 2026 2027 2028 2029 2030 2031 2032 2033 2034 2035 2036 2037 2038 2039 2040 :=
1 1 1 1 1 1 1 1 1 1 1 1 1 1 1 1 1 1 1 1 1 1 
[RE1,PWRWND,ELC001,*,*]:
2020 2021 2022 2023 2024 2025 2026 2027 2028 2029 2030 2031 2032 2033 2034 2035 2036 2037 2038 2039 2040 :=
1 1 1 1 1 1 1 1 1 1 1 1 1 1 1 1 1 1 1 1 1 1 
[RE1,MINHYD,HYD,*,*]:
2020 2021 2022 2023 2024 2025 2026 2027 2028 2029 2030 2031 2032 2033 2034 2035 2036 2037 2038 2039 2040 :=
1 1 1 1 1 1 1 1 1 1 1 1 1 1 1 1 1 1 1 1 1 1 
[RE1,PWRHYD,ELC001,*,*]:
2020 2021 2022 2023 2024 2025 2026 2027 2028 2029 2030 2031 2032 2033 2034 2035 2036 2037 2038 2039 2040 :=
1 1 1 1 1 1 1 1 1 1 1 1 1 1 1 1 1 1 1 1 1 1 
[RE1,Manuel,ELC001,*,*]:
2020 2021 2022 2023 2024 2025 2026 2027 2028 2029 2030 2031 2032 2033 2034 2035 2036 2037 2038 2039 2040 :=
1 0 0 0 0 0 0 0 0 0 0 0 0 0 0 0 0 0 0 0 0 0 
;

param CapacityFactor default 1 := 
[RE1,MINCOA,*,*]: 
2020 2021 2022 2023 2024 2025 2026 2027 2028 2029 2030 2031 2032 2033 2034 2035 2036 2037 2038 2039 2040 :=
S11 1 1 1 1 1 1 1 1 1 1 1 1 1 1 1 1 1 1 1 1 1 
S12 1 1 1 1 1 1 1 1 1 1 1 1 1 1 1 1 1 1 1 1 1 
S21 1 1 1 1 1 1 1 1 1 1 1 1 1 1 1 1 1 1 1 1 1 
S22 1 1 1 1 1 1 1 1 1 1 1 1 1 1 1 1 1 1 1 1 1 
[RE1,MINGAS,*,*]: 
2020 2021 2022 2023 2024 2025 2026 2027 2028 2029 2030 2031 2032 2033 2034 2035 2036 2037 2038 2039 2040 :=
S11 1 1 1 1 1 1 1 1 1 1 1 1 1 1 1 1 1 1 1 1 1 
S12 1 1 1 1 1 1 1 1 1 1 1 1 1 1 1 1 1 1 1 1 1 
S21 1 1 1 1 1 1 1 1 1 1 1 1 1 1 1 1 1 1 1 1 1 
S22 1 1 1 1 1 1 1 1 1 1 1 1 1 1 1 1 1 1 1 1 1 
[RE1,PWRCOA,*,*]: 
2020 2021 2022 2023 2024 2025 2026 2027 2028 2029 2030 2031 2032 2033 2034 2035 2036 2037 2038 2039 2040 :=
S11 1 1 1 1 1 1 1 1 1 1 1 1 1 1 1 1 1 1 1 1 1 
S12 1 1 1 1 1 1 1 1 1 1 1 1 1 1 1 1 1 1 1 1 1 
S21 1 1 1 1 1 1 1 1 1 1 1 1 1 1 1 1 1 1 1 1 1 
S22 1 1 1 1 1 1 1 1 1 1 1 1 1 1 1 1 1 1 1 1 1 
[RE1,PWRGAS,*,*]: 
2020 2021 2022 2023 2024 2025 2026 2027 2028 2029 2030 2031 2032 2033 2034 2035 2036 2037 2038 2039 2040 :=
S11 1 1 1 1 1 1 1 1 1 1 1 1 1 1 1 1 1 1 1 1 1 
S12 1 1 1 1 1 1 1 1 1 1 1 1 1 1 1 1 1 1 1 1 1 
S21 1 1 1 1 1 1 1 1 1 1 1 1 1 1 1 1 1 1 1 1 1 
S22 1 1 1 1 1 1 1 1 1 1 1 1 1 1 1 1 1 1 1 1 1 
[RE1,PWRTRN,*,*]: 
2020 2021 2022 2023 2024 2025 2026 2027 2028 2029 2030 2031 2032 2033 2034 2035 2036 2037 2038 2039 2040 :=
S11 1 1 1 1 1 1 1 1 1 1 1 1 1 1 1 1 1 1 1 1 1 
S12 1 1 1 1 1 1 1 1 1 1 1 1 1 1 1 1 1 1 1 1 1 
S21 1 1 1 1 1 1 1 1 1 1 1 1 1 1 1 1 1 1 1 1 1 
S22 1 1 1 1 1 1 1 1 1 1 1 1 1 1 1 1 1 1 1 1 1 
[RE1,MINSOL,*,*]: 
2020 2021 2022 2023 2024 2025 2026 2027 2028 2029 2030 2031 2032 2033 2034 2035 2036 2037 2038 2039 2040 :=
S11 1 1 1 1 1 1 1 1 1 1 1 1 1 1 1 1 1 1 1 1 1 
S12 1 1 1 1 1 1 1 1 1 1 1 1 1 1 1 1 1 1 1 1 1 
S21 1 1 1 1 1 1 1 1 1 1 1 1 1 1 1 1 1 1 1 1 1 
S22 1 1 1 1 1 1 1 1 1 1 1 1 1 1 1 1 1 1 1 1 1 
[RE1,MINWND,*,*]: 
2020 2021 2022 2023 2024 2025 2026 2027 2028 2029 2030 2031 2032 2033 2034 2035 2036 2037 2038 2039 2040 :=
S11 1 1 1 1 1 1 1 1 1 1 1 1 1 1 1 1 1 1 1 1 1 
S12 1 1 1 1 1 1 1 1 1 1 1 1 1 1 1 1 1 1 1 1 1 
S21 1 1 1 1 1 1 1 1 1 1 1 1 1 1 1 1 1 1 1 1 1 
S22 1 1 1 1 1 1 1 1 1 1 1 1 1 1 1 1 1 1 1 1 1 
[RE1,PWRSOL,*,*]: 
2020 2021 2022 2023 2024 2025 2026 2027 2028 2029 2030 2031 2032 2033 2034 2035 2036 2037 2038 2039 2040 :=
S11 0.45 0.45 0.45 0.45 0.45 0.45 0.45 0.45 0.45 0.45 0.45 0.45 0.45 0.45 0.45 0.45 0.45 0.45 0.45 0.45 0.45 
S12 0 0 0 0 0 0 0 0 0 0 0 0 0 0 0 0 0 0 0 0 0 
S21 0.35 0.35 0.35 0.35 0.35 0.35 0.35 0.35 0.35 0.35 0.35 0.35 0.35 0.35 0.35 0.35 0.35 0.35 0.35 0.35 0.35 
S22 0 0 0 0 0 0 0 0 0 0 0 0 0 0 0 0 0 0 0 0 0 
[RE1,PWRWND,*,*]: 
2020 2021 2022 2023 2024 2025 2026 2027 2028 2029 2030 2031 2032 2033 2034 2035 2036 2037 2038 2039 2040 :=
S11 0.3 0.3 0.3 0.3 0.3 0.3 0.3 0.3 0.3 0.3 0.3 0.3 0.3 0.3 0.3 0.3 0.3 0.3 0.3 0.3 0.3 
S12 0.2 0.2 0.2 0.2 0.2 0.2 0.2 0.2 0.2 0.2 0.2 0.2 0.2 0.2 0.2 0.2 0.2 0.2 0.2 0.2 0.2 
S21 0.25 0.25 0.25 0.25 0.25 0.25 0.25 0.25 0.25 0.25 0.25 0.25 0.25 0.25 0.25 0.25 0.25 0.25 0.25 0.25 0.25 
S22 0.3 0.3 0.3 0.3 0.3 0.3 0.3 0.3 0.3 0.3 0.3 0.3 0.3 0.3 0.3 0.3 0.3 0.3 0.3 0.3 0.3 
[RE1,MINHYD,*,*]: 
2020 2021 2022 2023 2024 2025 2026 2027 2028 2029 2030 2031 2032 2033 2034 2035 2036 2037 2038 2039 2040 :=
S11 1 1 1 1 1 1 1 1 1 1 1 1 1 1 1 1 1 1 1 1 1 
S12 1 1 1 1 1 1 1 1 1 1 1 1 1 1 1 1 1 1 1 1 1 
S21 1 1 1 1 1 1 1 1 1 1 1 1 1 1 1 1 1 1 1 1 1 
S22 1 1 1 1 1 1 1 1 1 1 1 1 1 1 1 1 1 1 1 1 1 
[RE1,PWRHYD,*,*]: 
2020 2021 2022 2023 2024 2025 2026 2027 2028 2029 2030 2031 2032 2033 2034 2035 2036 2037 2038 2039 2040 :=
S11 0.3 0.3 0.3 0.3 0.3 0.3 0.3 0.3 0.3 0.3 0.3 0.3 0.3 0.3 0.3 0.3 0.3 0.3 0.3 0.3 0.3 
S12 0.3 0.3 0.3 0.3 0.3 0.3 0.3 0.3 0.3 0.3 0.3 0.3 0.3 0.3 0.3 0.3 0.3 0.3 0.3 0.3 0.3 
S21 0.5 0.5 0.5 0.5 0.5 0.5 0.5 0.5 0.5 0.5 0.5 0.5 0.5 0.5 0.5 0.5 0.5 0.5 0.5 0.5 0.5 
S22 0.5 0.5 0.5 0.5 0.5 0.5 0.5 0.5 0.5 0.5 0.5 0.5 0.5 0.5 0.5 0.5 0.5 0.5 0.5 0.5 0.5 
[RE1,Manuel,*,*]: 
2020 2021 2022 2023 2024 2025 2026 2027 2028 2029 2030 2031 2032 2033 2034 2035 2036 2037 2038 2039 2040 :=
S11 1 1 1 1 1 1 1 1 1 1 1 1 1 1 1 1 1 1 1 1 1 
S12 1 1 1 1 1 1 1 1 1 1 1 1 1 1 1 1 1 1 1 1 1 
S21 1 1 1 1 1 1 1 1 1 1 1 1 1 1 1 1 1 1 1 1 1 
S22 1 1 1 1 1 1 1 1 1 1 1 1 1 1 1 1 1 1 1 1 1 
;

param AccumulatedAnnualDemand default 0 := 
[RE1,*,*]: 
2020 2021 2022 2023 2024 2025 2026 2027 2028 2029 2030 2031 2032 2033 2034 2035 2036 2037 2038 2039 2040 :=
COA 0 0 0 0 0 0 0 0 0 0 0 0 0 0 0 0 0 0 0 0 0 
GAS 0 0 0 0 0 0 0 0 0 0 0 0 0 0 0 0 0 0 0 0 0 
ELC001 0 0 0 0 0 0 0 0 0 0 0 0 0 0 0 0 0 0 0 0 0 
ELC002 100 103 106.09 109.2727 112.550881 115.9274074 119.4052297 122.9873865 126.6770081 130.4773184 134.3916379 138.4233871 142.5760887 146.8533713 151.2589725 155.7967417 160.4706439 165.2847632 170.2433061 175.3506053 180.6111235 
SOL 0 0 0 0 0 0 0 0 0 0 0 0 0 0 0 0 0 0 0 0 0 
WND 0 0 0 0 0 0 0 0 0 0 0 0 0 0 0 0 0 0 0 0 0 
HYD 0 0 0 0 0 0 0 0 0 0 0 0 0 0 0 0 0 0 0 0 0 
;
param SpecifiedAnnualDemand default 0 := 
[RE1,*,*]: 
2020 2021 2022 2023 2024 2025 2026 2027 2028 2029 2030 2031 2032 2033 2034 2035 2036 2037 2038 2039 2040 :=
COA 0 0 0 0 0 0 0 0 0 0 0 0 0 0 0 0 0 0 0 0 0 
GAS 0 0 0 0 0 0 0 0 0 0 0 0 0 0 0 0 0 0 0 0 0 
ELC001 0 0 0 0 0 0 0 0 0 0 0 0 0 0 0 0 0 0 0 0 0 
ELC002 100 103 106.09 109.2727 112.550881 115.9274074 119.4052297 122.9873865 126.6770081 130.4773184 134.3916379 138.4233871 142.5760887 146.8533713 151.2589725 155.7967417 160.4706439 165.2847632 170.2433061 175.3506053 180.6111235 
SOL 0 0 0 0 0 0 0 0 0 0 0 0 0 0 0 0 0 0 0 0 0 
WND 0 0 0 0 0 0 0 0 0 0 0 0 0 0 0 0 0 0 0 0 0 
HYD 0 0 0 0 0 0 0 0 0 0 0 0 0 0 0 0 0 0 0 0 0 
;
param RETagFuel default 0 := 
[RE1,*,*]: 
2020 2021 2022 2023 2024 2025 2026 2027 2028 2029 2030 2031 2032 2033 2034 2035 2036 2037 2038 2039 2040 :=
COA 0 0 0 0 0 0 0 0 0 0 0 0 0 0 0 0 0 0 0 0 0 
GAS 0 0 0 0 0 0 0 0 0 0 0 0 0 0 0 0 0 0 0 0 0 
ELC001 0 0 0 0 0 0 0 0 0 0 0 0 0 0 0 0 0 0 0 0 0 
ELC002 0 0 0 0 0 0 0 0 0 0 0 0 0 0 0 0 0 0 0 0 0 
SOL 0 0 0 0 0 0 0 0 0 0 0 0 0 0 0 0 0 0 0 0 0 
WND 0 0 0 0 0 0 0 0 0 0 0 0 0 0 0 0 0 0 0 0 0 
HYD 0 0 0 0 0 0 0 0 0 0 0 0 0 0 0 0 0 0 0 0 0 
;
param ReserveMarginTagFuel default 0 := 
[RE1,*,*]: 
2020 2021 2022 2023 2024 2025 2026 2027 2028 2029 2030 2031 2032 2033 2034 2035 2036 2037 2038 2039 2040 :=
COA 0 0 0 0 0 0 0 0 0 0 0 0 0 0 0 0 0 0 0 0 0 
GAS 0 0 0 0 0 0 0 0 0 0 0 0 0 0 0 0 0 0 0 0 0 
ELC001 0 0 0 0 0 0 0 0 0 0 0 0 0 0 0 0 0 0 0 0 0 
ELC002 0 0 0 0 0 0 0 0 0 0 0 0 0 0 0 0 0 0 0 0 0 
SOL 0 0 0 0 0 0 0 0 0 0 0 0 0 0 0 0 0 0 0 0 0 
WND 0 0 0 0 0 0 0 0 0 0 0 0 0 0 0 0 0 0 0 0 0 
HYD 0 0 0 0 0 0 0 0 0 0 0 0 0 0 0 0 0 0 0 0 0 
;

param SpecifiedDemandProfile default 0 := 
[RE1,COA,*,*]: 
2020 2021 2022 2023 2024 2025 2026 2027 2028 2029 2030 2031 2032 2033 2034 2035 2036 2037 2038 2039 2040 :=
S11 0 0 0 0 0 0 0 0 0 0 0 0 0 0 0 0 0 0 0 0 0 
S12 0 0 0 0 0 0 0 0 0 0 0 0 0 0 0 0 0 0 0 0 0 
S21 0 0 0 0 0 0 0 0 0 0 0 0 0 0 0 0 0 0 0 0 0 
S22 0 0 0 0 0 0 0 0 0 0 0 0 0 0 0 0 0 0 0 0 0 
[RE1,GAS,*,*]: 
2020 2021 2022 2023 2024 2025 2026 2027 2028 2029 2030 2031 2032 2033 2034 2035 2036 2037 2038 2039 2040 :=
S11 0 0 0 0 0 0 0 0 0 0 0 0 0 0 0 0 0 0 0 0 0 
S12 0 0 0 0 0 0 0 0 0 0 0 0 0 0 0 0 0 0 0 0 0 
S21 0 0 0 0 0 0 0 0 0 0 0 0 0 0 0 0 0 0 0 0 0 
S22 0 0 0 0 0 0 0 0 0 0 0 0 0 0 0 0 0 0 0 0 0 
[RE1,ELC001,*,*]: 
2020 2021 2022 2023 2024 2025 2026 2027 2028 2029 2030 2031 2032 2033 2034 2035 2036 2037 2038 2039 2040 :=
S11 0 0 0 0 0 0 0 0 0 0 0 0 0 0 0 0 0 0 0 0 0 
S12 0 0 0 0 0 0 0 0 0 0 0 0 0 0 0 0 0 0 0 0 0 
S21 0 0 0 0 0 0 0 0 0 0 0 0 0 0 0 0 0 0 0 0 0 
S22 0 0 0 0 0 0 0 0 0 0 0 0 0 0 0 0 0 0 0 0 0 
[RE1,ELC002,*,*]: 
2020 2021 2022 2023 2024 2025 2026 2027 2028 2029 2030 2031 2032 2033 2034 2035 2036 2037 2038 2039 2040 :=
S11 0.32 0.32 0.32 0.32 0.32 0.32 0.32 0.32 0.32 0.32 0.32 0.32 0.32 0.32 0.32 0.32 0.32 0.32 0.32 0.32 0.32 
S12 0.08 0.08 0.08 0.08 0.08 0.08 0.08 0.08 0.08 0.08 0.08 0.08 0.08 0.08 0.08 0.08 0.08 0.08 0.08 0.08 0.08 
S21 0.18 0.18 0.18 0.18 0.18 0.18 0.18 0.18 0.18 0.18 0.18 0.18 0.18 0.18 0.18 0.18 0.18 0.18 0.18 0.18 0.18 
S22 0.42 0.42 0.42 0.42 0.42 0.42 0.42 0.42 0.42 0.42 0.42 0.42 0.42 0.42 0.42 0.42 0.42 0.42 0.42 0.42 0.42 
[RE1,SOL,*,*]: 
2020 2021 2022 2023 2024 2025 2026 2027 2028 2029 2030 2031 2032 2033 2034 2035 2036 2037 2038 2039 2040 :=
S11 0 0 0 0 0 0 0 0 0 0 0 0 0 0 0 0 0 0 0 0 0 
S12 0 0 0 0 0 0 0 0 0 0 0 0 0 0 0 0 0 0 0 0 0 
S21 0 0 0 0 0 0 0 0 0 0 0 0 0 0 0 0 0 0 0 0 0 
S22 0 0 0 0 0 0 0 0 0 0 0 0 0 0 0 0 0 0 0 0 0 
[RE1,WND,*,*]: 
2020 2021 2022 2023 2024 2025 2026 2027 2028 2029 2030 2031 2032 2033 2034 2035 2036 2037 2038 2039 2040 :=
S11 0 0 0 0 0 0 0 0 0 0 0 0 0 0 0 0 0 0 0 0 0 
S12 0 0 0 0 0 0 0 0 0 0 0 0 0 0 0 0 0 0 0 0 0 
S21 0 0 0 0 0 0 0 0 0 0 0 0 0 0 0 0 0 0 0 0 0 
S22 0 0 0 0 0 0 0 0 0 0 0 0 0 0 0 0 0 0 0 0 0 
[RE1,HYD,*,*]: 
2020 2021 2022 2023 2024 2025 2026 2027 2028 2029 2030 2031 2032 2033 2034 2035 2036 2037 2038 2039 2040 :=
S11 0 0 0 0 0 0 0 0 0 0 0 0 0 0 0 0 0 0 0 0 0 
S12 0 0 0 0 0 0 0 0 0 0 0 0 0 0 0 0 0 0 0 0 0 
S21 0 0 0 0 0 0 0 0 0 0 0 0 0 0 0 0 0 0 0 0 0 
S22 0 0 0 0 0 0 0 0 0 0 0 0 0 0 0 0 0 0 0 0 0 
;

param AnnualEmissionLimit default 999999 := 
[RE1,*,*]: 
2020 2021 2022 2023 2024 2025 2026 2027 2028 2029 2030 2031 2032 2033 2034 2035 2036 2037 2038 2039 2040 :=
CO2 999999 999999 999999 999999 999999 999999 999999 999999 999999 999999 999999 999999 999999 999999 999999 999999 999999 999999 999999 999999 999999 
CH4 999999 999999 999999 999999 999999 999999 999999 999999 999999 999999 999999 999999 999999 999999 999999 999999 999999 999999 999999 999999 999999 
;
param EmissionsPenalty default 0 := 
[RE1,*,*]: 
2020 2021 2022 2023 2024 2025 2026 2027 2028 2029 2030 2031 2032 2033 2034 2035 2036 2037 2038 2039 2040 :=
CO2 0 0 0 0 0 0 0 0 0 0 0 0 0 0 0 0 0 0 0 0 0 
CH4 0 0 0 0 0 0 0 0 0 0 0 0 0 0 0 0 0 0 0 0 0 
;
param AnnualExogenousEmission default 0 := 
[RE1,*,*]: 
2020 2021 2022 2023 2024 2025 2026 2027 2028 2029 2030 2031 2032 2033 2034 2035 2036 2037 2038 2039 2040 :=
CO2 0 0 0 0 0 0 0 0 0 0 0 0 0 0 0 0 0 0 0 0 0 
CH4 0 0 0 0 0 0 0 0 0 0 0 0 0 0 0 0 0 0 0 0 0 
;

param EmissionActivityRatio default 0 := 
[RE1,MINCOA,CO2,*,*]:
2020 2021 2022 2023 2024 2025 2026 2027 2028 2029 2030 2031 2032 2033 2034 2035 2036 2037 2038 2039 2040 :=
1 0 0 0 0 0 0 0 0 0 0 0 0 0 0 0 0 0 0 0 0 0 
[RE1,MINGAS,CO2,*,*]:
2020 2021 2022 2023 2024 2025 2026 2027 2028 2029 2030 2031 2032 2033 2034 2035 2036 2037 2038 2039 2040 :=
1 0 0 0 0 0 0 0 0 0 0 0 0 0 0 0 0 0 0 0 0 0 
[RE1,Manuel,CO2,*,*]:
2020 2021 2022 2023 2024 2025 2026 2027 2028 2029 2030 2031 2032 2033 2034 2035 2036 2037 2038 2039 2040 :=
1 0 0 0 0 0 0 0 0 0 0 0 0 0 0 0 0 0 0 0 0 0 
;

#
end;