####################
#Sets#
####################
# 
set EMISSION := EMI_0 EMI_1 EMI_2 ;
set REGION := RE1;
set MODE_OF_OPERATION := 1;
set COMMODITY := COM_0 COM_1 COM_2 ;
set STORAGE := ;
set TECHNOLOGY := TEC_0 TEC_1 TEC_2 TEC_3 ;
set YEAR := 2020 2022 2024 2026 2028 2030 2032 2034 2036 2038 2040 2042 2044 2046 2048 2050 ;
set TIMESLICE := S11 S12 S21 S22 S31 S32 ;
####################
#Parameters#
####################
param TradeRoute  default 0 := 
; 
 
param DiscountRate default 0.05 := 
RE1 0.05 
; 

param ReserveMargin default 0 : 
2020 2022 2024 2026 2028 2030 2032 2034 2036 2038 2040 2042 2044 2046 2048 2050 :=
RE1 0 0 0 0 0 0 0 0 0 0 0 0 0 0 0 0 
;
param REMinProductionTarget default 0 : 
2020 2022 2024 2026 2028 2030 2032 2034 2036 2038 2040 2042 2044 2046 2048 2050 :=
RE1 0 0 0 0 0 0 0 0 0 0 0 0 0 0 0 0 
;

param CapacityToActivityUnit default 0 : 
TEC_0 TEC_1 TEC_2 TEC_3 :=
RE1 0 0 0 0 
;
param OperationalLife default 1 : 
TEC_0 TEC_1 TEC_2 TEC_3 :=
RE1 1 1 1 1 
;
param TotalTechnologyModelPeriodActivityLowerLimit default 0 : 
TEC_0 TEC_1 TEC_2 TEC_3 :=
RE1 0 0 0 0 
;
param TotalTechnologyModelPeriodActivityUpperLimit default 999999 : 
TEC_0 TEC_1 TEC_2 TEC_3 :=
RE1 999999 999999 999999 999999 
;

param ModelPeriodEmissionLimit default 999999 : 
EMI_0 EMI_1 EMI_2 :=
RE1 999999 999999 999999 
;
param ModelPeriodExogenousEmission default 0 : 
EMI_0 EMI_1 EMI_2 :=
RE1 0 0 0 
;

param YearSplit default 0.0104 : 
2020 2022 2024 2026 2028 2030 2032 2034 2036 2038 2040 2042 2044 2046 2048 2050 :=
S11 0.0104 0.0104 0.0104 0.0104 0.0104 0.0104 0.0104 0.0104 0.0104 0.0104 0.0104 0.0104 0.0104 0.0104 0.0104 0.0104 
S12 0.0104 0.0104 0.0104 0.0104 0.0104 0.0104 0.0104 0.0104 0.0104 0.0104 0.0104 0.0104 0.0104 0.0104 0.0104 0.0104 
S21 0.0104 0.0104 0.0104 0.0104 0.0104 0.0104 0.0104 0.0104 0.0104 0.0104 0.0104 0.0104 0.0104 0.0104 0.0104 0.0104 
S22 0.0104 0.0104 0.0104 0.0104 0.0104 0.0104 0.0104 0.0104 0.0104 0.0104 0.0104 0.0104 0.0104 0.0104 0.0104 0.0104 
S31 0.0104 0.0104 0.0104 0.0104 0.0104 0.0104 0.0104 0.0104 0.0104 0.0104 0.0104 0.0104 0.0104 0.0104 0.0104 0.0104 
S32 0.0104 0.0104 0.0104 0.0104 0.0104 0.0104 0.0104 0.0104 0.0104 0.0104 0.0104 0.0104 0.0104 0.0104 0.0104 0.0104 
;

param VariableCost default 0.0001 := 
[RE1,TEC_0,*,*]: 
2020 2022 2024 2026 2028 2030 2032 2034 2036 2038 2040 2042 2044 2046 2048 2050 :=
1 3 3 0.0001 0.0001 0.0001 0.0001 0.0001 0.0001 0.0001 0.0001 0.0001 0.0001 0.0001 0.0001 0.0001 0.0001 
[RE1,TEC_1,*,*]: 
2020 2022 2024 2026 2028 2030 2032 2034 2036 2038 2040 2042 2044 2046 2048 2050 :=
1 0.0001 4 0.0001 0.0001 0.0001 0.0001 0.0001 0.0001 0.0001 0.0001 0.0001 0.0001 0.0001 0.0001 0.0001 0.0001 
[RE1,TEC_2,*,*]: 
2020 2022 2024 2026 2028 2030 2032 2034 2036 2038 2040 2042 2044 2046 2048 2050 :=
1 0.0001 0.0001 0.0001 0.0001 0.0001 0.0001 0.0001 0.0001 0.0001 0.0001 0.0001 0.0001 0.0001 0.0001 0.0001 0.0001 
[RE1,TEC_3,*,*]: 
2020 2022 2024 2026 2028 2030 2032 2034 2036 2038 2040 2042 2044 2046 2048 2050 :=
1 0.0001 0.0001 0.0001 0.0001 0.0001 0.0001 0.0001 0.0001 0.0001 0.0001 0.0001 0.0001 0.0001 0.0001 0.0001 0.0001 
;
param AvailabilityFactor default 1 := 
[RE1,*,*]: 
2020 2022 2024 2026 2028 2030 2032 2034 2036 2038 2040 2042 2044 2046 2048 2050 :=
TEC_0 1 1 4 1 1 1 1 1 1 1 1 1 1 1 1 1 
TEC_1 1 1 1 1 1 1 1 1 1 1 1 1 1 1 1 1 
TEC_2 1 1 1 1 1 1 1 1 1 1 1 1 1 1 1 1 
TEC_3 1 1 1 1 1 1 1 1 1 1 1 1 1 1 1 1 
;
param CapitalCost default 0.0001 := 
[RE1,*,*]: 
2020 2022 2024 2026 2028 2030 2032 2034 2036 2038 2040 2042 2044 2046 2048 2050 :=
TEC_0 0.0001 0.0001 0.0001 0.0001 0.0001 0.0001 0.0001 0.0001 0.0001 0.0001 0.0001 0.0001 0.0001 0.0001 0.0001 0.0001 
TEC_1 0.0001 0.0001 0.0001 0.0001 0.0001 0.0001 0.0001 0.0001 0.0001 0.0001 0.0001 0.0001 0.0001 0.0001 0.0001 0.0001 
TEC_2 0.0001 0.0001 0.0001 0.0001 0.0001 0.0001 0.0001 0.0001 0.0001 0.0001 0.0001 0.0001 0.0001 0.0001 0.0001 0.0001 
TEC_3 0.0001 0.0001 0.0001 0.0001 0.0001 0.0001 0.0001 0.0001 0.0001 0.0001 0.0001 0.0001 0.0001 0.0001 0.0001 0.0001 
;
param FixedCost default 0 := 
[RE1,*,*]: 
2020 2022 2024 2026 2028 2030 2032 2034 2036 2038 2040 2042 2044 2046 2048 2050 :=
TEC_0 0 0 0 0 0 0 0 0 0 0 0 0 0 0 0 0 
TEC_1 0 0 0 0 0 0 0 0 0 0 0 0 0 0 0 0 
TEC_2 0 0 0 0 0 0 0 0 0 0 0 0 0 0 0 0 
TEC_3 0 0 0 0 0 0 0 0 0 0 0 0 0 0 0 0 
;
param ResidualCapacity default 0 := 
[RE1,*,*]: 
2020 2022 2024 2026 2028 2030 2032 2034 2036 2038 2040 2042 2044 2046 2048 2050 :=
TEC_0 0 0 0 0 0 0 0 0 0 0 0 0 0 0 0 0 
TEC_1 0 0 0 0 0 0 0 0 0 0 0 0 0 0 0 0 
TEC_2 0 0 0 0 0 0 0 0 0 0 0 0 0 0 0 0 
TEC_3 0 0 0 0 0 0 0 0 0 0 0 0 0 0 0 0 
;
param TotalAnnualMaxCapacity default 999999 := 
[RE1,*,*]: 
2020 2022 2024 2026 2028 2030 2032 2034 2036 2038 2040 2042 2044 2046 2048 2050 :=
TEC_0 999999 999999 999999 999999 999999 999999 999999 999999 999999 999999 999999 999999 999999 999999 999999 999999 
TEC_1 999999 999999 999999 999999 999999 999999 999999 999999 999999 999999 999999 999999 999999 999999 999999 999999 
TEC_2 999999 999999 999999 999999 999999 999999 999999 999999 999999 999999 999999 999999 999999 999999 999999 999999 
TEC_3 999999 999999 999999 999999 999999 999999 999999 999999 999999 999999 999999 999999 999999 999999 999999 999999 
;
param TotalAnnualMaxCapacityInvestment default 999999 := 
[RE1,*,*]: 
2020 2022 2024 2026 2028 2030 2032 2034 2036 2038 2040 2042 2044 2046 2048 2050 :=
TEC_0 999999 999999 999999 999999 999999 999999 999999 999999 999999 999999 999999 999999 999999 999999 999999 999999 
TEC_1 999999 999999 999999 999999 999999 999999 999999 999999 999999 999999 999999 999999 999999 999999 999999 999999 
TEC_2 999999 999999 999999 999999 999999 999999 999999 999999 999999 999999 999999 999999 999999 999999 999999 999999 
TEC_3 999999 999999 999999 999999 999999 999999 999999 999999 999999 999999 999999 999999 999999 999999 999999 999999 
;
param TotalAnnualMinCapacity default 0 := 
[RE1,*,*]: 
2020 2022 2024 2026 2028 2030 2032 2034 2036 2038 2040 2042 2044 2046 2048 2050 :=
TEC_0 0 0 0 0 0 0 0 0 0 0 0 0 0 0 0 0 
TEC_1 0 0 0 0 0 0 0 0 0 0 0 0 0 0 0 0 
TEC_2 0 0 0 0 0 0 0 0 0 0 0 0 0 0 0 0 
TEC_3 0 0 0 0 0 0 0 0 0 0 0 0 0 0 0 0 
;
param TotalAnnualMinCapacityInvestment default 0 := 
[RE1,*,*]: 
2020 2022 2024 2026 2028 2030 2032 2034 2036 2038 2040 2042 2044 2046 2048 2050 :=
TEC_0 0 0 0 0 0 0 0 0 0 0 0 0 0 0 0 0 
TEC_1 0 0 0 0 0 0 0 0 0 0 0 0 0 0 0 0 
TEC_2 0 0 0 0 0 0 0 0 0 0 0 0 0 0 0 0 
TEC_3 0 0 0 0 0 0 0 0 0 0 0 0 0 0 0 0 
;
param TotalTechnologyAnnualActivityLowerLimit default 0 := 
[RE1,*,*]: 
2020 2022 2024 2026 2028 2030 2032 2034 2036 2038 2040 2042 2044 2046 2048 2050 :=
TEC_0 0 0 0 0 0 0 0 0 0 0 0 0 0 0 0 0 
TEC_1 0 0 0 0 0 0 0 0 0 0 0 0 0 0 0 0 
TEC_2 0 0 0 0 0 0 0 0 0 0 0 0 0 0 0 0 
TEC_3 0 0 0 0 0 0 0 0 0 0 0 0 0 0 0 0 
;
param TotalTechnologyAnnualActivityUpperLimit default 999999 := 
[RE1,*,*]: 
2020 2022 2024 2026 2028 2030 2032 2034 2036 2038 2040 2042 2044 2046 2048 2050 :=
TEC_0 999999 999999 999999 999999 999999 999999 999999 999999 999999 999999 999999 999999 999999 999999 999999 999999 
TEC_1 999999 999999 999999 999999 999999 999999 999999 999999 999999 999999 999999 999999 999999 999999 999999 999999 
TEC_2 999999 999999 999999 999999 999999 999999 999999 999999 999999 999999 999999 999999 999999 999999 999999 999999 
TEC_3 999999 999999 999999 999999 999999 999999 999999 999999 999999 999999 999999 999999 999999 999999 999999 999999 
;
param ReserveMarginTagTechnology default 0 := 
[RE1,*,*]: 
2020 2022 2024 2026 2028 2030 2032 2034 2036 2038 2040 2042 2044 2046 2048 2050 :=
TEC_0 0 0 0 0 0 0 0 0 0 0 0 0 0 0 0 0 
TEC_1 0 0 0 0 0 0 0 0 0 0 0 0 0 0 0 0 
TEC_2 0 0 0 0 0 0 0 0 0 0 0 0 0 0 0 0 
TEC_3 0 0 0 0 0 0 0 0 0 0 0 0 0 0 0 0 
;
param RETagTechnology default 0 := 
[RE1,*,*]: 
2020 2022 2024 2026 2028 2030 2032 2034 2036 2038 2040 2042 2044 2046 2048 2050 :=
TEC_0 0 0 0 0 0 0 0 0 0 0 0 0 0 0 0 0 
TEC_1 0 0 0 0 0 0 0 0 0 0 0 0 0 0 0 0 
TEC_2 0 0 0 0 0 0 0 0 0 0 0 0 0 0 0 0 
TEC_3 0 0 0 0 0 0 0 0 0 0 0 0 0 0 0 0 
;
param CapacityOfOneTechnologyUnit default 0 := 
[RE1,*,*]: 
2020 2022 2024 2026 2028 2030 2032 2034 2036 2038 2040 2042 2044 2046 2048 2050 :=
TEC_0 0 0 0 0 0 0 0 0 0 0 0 0 0 0 0 0 
TEC_1 0 0 0 0 0 0 0 0 0 0 0 0 0 0 0 0 
TEC_2 0 0 0 0 0 0 0 0 0 0 0 0 0 0 0 0 
TEC_3 0 0 0 0 0 0 0 0 0 0 0 0 0 0 0 0 
;
param TechnologyActivityByModeLowerLimit default 0 := 
[RE1,TEC_0,*,*]: 
2020 2022 2024 2026 2028 2030 2032 2034 2036 2038 2040 2042 2044 2046 2048 2050 :=
1 0 0 0 0 0 0 0 0 0 0 0 0 0 0 0 0 
[RE1,TEC_1,*,*]: 
2020 2022 2024 2026 2028 2030 2032 2034 2036 2038 2040 2042 2044 2046 2048 2050 :=
1 0 0 0 0 0 0 0 0 0 0 0 0 0 0 0 0 
[RE1,TEC_2,*,*]: 
2020 2022 2024 2026 2028 2030 2032 2034 2036 2038 2040 2042 2044 2046 2048 2050 :=
1 0 0 0 0 0 0 0 0 0 0 0 0 0 0 0 0 
[RE1,TEC_3,*,*]: 
2020 2022 2024 2026 2028 2030 2032 2034 2036 2038 2040 2042 2044 2046 2048 2050 :=
1 0 0 0 0 0 0 0 0 0 0 0 0 0 0 0 0 
;
param TechnologyActivityByModeUpperLimit default 999999 := 
[RE1,TEC_0,*,*]: 
2020 2022 2024 2026 2028 2030 2032 2034 2036 2038 2040 2042 2044 2046 2048 2050 :=
1 999999 999999 999999 999999 999999 999999 999999 999999 999999 999999 999999 999999 999999 999999 999999 999999 
[RE1,TEC_1,*,*]: 
2020 2022 2024 2026 2028 2030 2032 2034 2036 2038 2040 2042 2044 2046 2048 2050 :=
1 999999 999999 999999 999999 999999 999999 999999 999999 999999 999999 999999 999999 999999 999999 999999 999999 
[RE1,TEC_2,*,*]: 
2020 2022 2024 2026 2028 2030 2032 2034 2036 2038 2040 2042 2044 2046 2048 2050 :=
1 999999 999999 999999 999999 999999 999999 999999 999999 999999 999999 999999 999999 999999 999999 999999 999999 
[RE1,TEC_3,*,*]: 
2020 2022 2024 2026 2028 2030 2032 2034 2036 2038 2040 2042 2044 2046 2048 2050 :=
1 999999 999999 999999 999999 999999 999999 999999 999999 999999 999999 999999 999999 999999 999999 999999 999999 
;
param TechnologyActivityDecreaseByModeLimit default 0 := 
[RE1,TEC_0,*,*]: 
2020 2022 2024 2026 2028 2030 2032 2034 2036 2038 2040 2042 2044 2046 2048 2050 :=
1 0 0 0 0 0 0 0 0 0 0 0 0 0 0 0 0 
[RE1,TEC_1,*,*]: 
2020 2022 2024 2026 2028 2030 2032 2034 2036 2038 2040 2042 2044 2046 2048 2050 :=
1 0 0 0 0 0 0 0 0 0 0 0 0 0 0 0 0 
[RE1,TEC_2,*,*]: 
2020 2022 2024 2026 2028 2030 2032 2034 2036 2038 2040 2042 2044 2046 2048 2050 :=
1 0 0 0 0 0 0 0 0 0 0 0 0 0 0 0 0 
[RE1,TEC_3,*,*]: 
2020 2022 2024 2026 2028 2030 2032 2034 2036 2038 2040 2042 2044 2046 2048 2050 :=
1 0 0 0 0 0 0 0 0 0 0 0 0 0 0 0 0 
;
param TechnologyActivityIncreaseByModeLimit default 0 := 
[RE1,TEC_0,*,*]: 
2020 2022 2024 2026 2028 2030 2032 2034 2036 2038 2040 2042 2044 2046 2048 2050 :=
1 0 0 0 0 0 0 0 0 0 0 0 0 0 0 0 0 
[RE1,TEC_1,*,*]: 
2020 2022 2024 2026 2028 2030 2032 2034 2036 2038 2040 2042 2044 2046 2048 2050 :=
1 0 0 0 0 0 0 0 0 0 0 0 0 0 0 0 0 
[RE1,TEC_2,*,*]: 
2020 2022 2024 2026 2028 2030 2032 2034 2036 2038 2040 2042 2044 2046 2048 2050 :=
1 0 0 0 0 0 0 0 0 0 0 0 0 0 0 0 0 
[RE1,TEC_3,*,*]: 
2020 2022 2024 2026 2028 2030 2032 2034 2036 2038 2040 2042 2044 2046 2048 2050 :=
1 0 0 0 0 0 0 0 0 0 0 0 0 0 0 0 0 
;

param AccumulatedAnnualDemand default 0 := 
[RE1,*,*]: 
2020 2022 2024 2026 2028 2030 2032 2034 2036 2038 2040 2042 2044 2046 2048 2050 :=
COM_0 1 0 0 0 0 0 0 0 0 0 0 0 0 0 0 0 
COM_1 0 0 0 0 0 0 0 0 0 0 0 0 0 0 0 0 
COM_2 0 0 0 0 0 0 0 0 0 0 0 0 0 0 0 0 
;
param SpecifiedAnnualDemand default 0 := 
[RE1,*,*]: 
2020 2022 2024 2026 2028 2030 2032 2034 2036 2038 2040 2042 2044 2046 2048 2050 :=
COM_0 0 0 0 0 0 0 0 0 0 0 0 0 0 0 0 0 
COM_1 0 0 0 0 0 0 0 0 0 0 0 0 0 0 0 0 
COM_2 0 0 0 0 0 0 0 0 0 0 0 0 0 0 0 0 
;
param RETagFuel default 0 := 
[RE1,*,*]: 
2020 2022 2024 2026 2028 2030 2032 2034 2036 2038 2040 2042 2044 2046 2048 2050 :=
COM_0 0 0 0 0 0 0 0 0 0 0 0 0 0 0 0 0 
COM_1 0 0 0 0 0 0 0 0 0 0 0 0 0 0 0 0 
COM_2 0 0 0 0 0 0 0 0 0 0 0 0 0 0 0 0 
;
param ReserveMarginTagFuel default 0 := 
[RE1,*,*]: 
2020 2022 2024 2026 2028 2030 2032 2034 2036 2038 2040 2042 2044 2046 2048 2050 :=
COM_0 0 0 0 0 0 0 0 0 0 0 0 0 0 0 0 0 
COM_1 0 0 0 0 0 0 0 0 0 0 0 0 0 0 0 0 
COM_2 0 0 0 0 0 0 0 0 0 0 0 0 0 0 0 0 
;

param AnnualEmissionLimit default 999999 := 
[RE1,*,*]: 
2020 2022 2024 2026 2028 2030 2032 2034 2036 2038 2040 2042 2044 2046 2048 2050 :=
EMI_0 999999 999999 999999 999999 999999 999999 999999 999999 999999 999999 999999 999999 999999 999999 999999 999999 
EMI_1 999999 999999 999999 999999 999999 999999 999999 999999 999999 999999 999999 999999 999999 999999 999999 999999 
EMI_2 999999 999999 999999 999999 999999 999999 999999 999999 999999 999999 999999 999999 999999 999999 999999 999999 
;
param EmissionsPenalty default 0 := 
[RE1,*,*]: 
2020 2022 2024 2026 2028 2030 2032 2034 2036 2038 2040 2042 2044 2046 2048 2050 :=
EMI_0 0 0 0 0 0 0 0 0 0 0 0 0 0 0 0 0 
EMI_1 0 0 0 0 0 0 0 0 0 0 0 0 0 0 0 0 
EMI_2 0 0 0 0 0 0 0 0 0 0 0 0 0 0 0 0 
;
param AnnualExogenousEmission default 0 := 
[RE1,*,*]: 
2020 2022 2024 2026 2028 2030 2032 2034 2036 2038 2040 2042 2044 2046 2048 2050 :=
EMI_0 0 0 0 0 0 0 0 0 0 0 0 0 0 0 0 0 
EMI_1 0 0 0 0 0 0 0 0 0 0 0 0 0 0 0 0 
EMI_2 0 0 0 0 0 0 0 0 0 0 0 0 0 0 0 0 
;

param InputActivityRatio default 0 := 
[RE1,TEC_1,COM_0,*,*]:
2020 2022 2024 2026 2028 2030 2032 2034 2036 2038 2040 2042 2044 2046 2048 2050 :=
1 0 0 0 0 0 0 0 0 0 0 0 0 0 0 0 0 
[RE1,TEC_2,COM_1,*,*]:
2020 2022 2024 2026 2028 2030 2032 2034 2036 2038 2040 2042 2044 2046 2048 2050 :=
1 0 0 0 0 0 0 0 0 0 0 0 0 0 0 0 0 
[RE1,TEC_2,COM_2,*,*]:
2020 2022 2024 2026 2028 2030 2032 2034 2036 2038 2040 2042 2044 2046 2048 2050 :=
1 0 0 0 0 0 0 0 0 0 0 0 0 0 0 0 0 
;
param OutputActivityRatio default 0 := 
[RE1,TEC_1,COM_0,*,*]:
2020 2022 2024 2026 2028 2030 2032 2034 2036 2038 2040 2042 2044 2046 2048 2050 :=
1 0 0 0 0 0 0 0 0 0 0 0 0 0 0 0 0 
[RE1,TEC_2,COM_1,*,*]:
2020 2022 2024 2026 2028 2030 2032 2034 2036 2038 2040 2042 2044 2046 2048 2050 :=
1 0 0 0 0 0 0 0 0 0 0 0 0 0 0 0 0 
[RE1,TEC_2,COM_2,*,*]:
2020 2022 2024 2026 2028 2030 2032 2034 2036 2038 2040 2042 2044 2046 2048 2050 :=
1 0 0 0 0 0 0 0 0 0 0 0 0 0 0 0 0 
;

param EmissionActivityRatio default 0 := 
[RE1,TEC_1,EMI_0,*,*]:
2020 2022 2024 2026 2028 2030 2032 2034 2036 2038 2040 2042 2044 2046 2048 2050 :=
1 9 8 8 8 8 8 0 8 0 0 0 0 0 0 0 0 
[RE1,TEC_2,EMI_1,*,*]:
2020 2022 2024 2026 2028 2030 2032 2034 2036 2038 2040 2042 2044 2046 2048 2050 :=
1 9 9 9 9 9 0 0 0 0 0 0 0 0 0 0 0 
[RE1,TEC_2,EMI_2,*,*]:
2020 2022 2024 2026 2028 2030 2032 2034 2036 2038 2040 2042 2044 2046 2048 2050 :=
1 3 4 5 6 7 0 0 0 0 0 0 0 0 0 0 0 
[RE1,TEC_3,EMI_0,*,*]:
2020 2022 2024 2026 2028 2030 2032 2034 2036 2038 2040 2042 2044 2046 2048 2050 :=
1 0 0 0 0 0 0 0 0 0 0 0 0 0 0 0 0 
[RE1,TEC_3,EMI_1,*,*]:
2020 2022 2024 2026 2028 2030 2032 2034 2036 2038 2040 2042 2044 2046 2048 2050 :=
1 0 0 0 0 0 0 0 0 0 0 0 0 0 0 0 0 
[RE1,TEC_3,EMI_2,*,*]:
2020 2022 2024 2026 2028 2030 2032 2034 2036 2038 2040 2042 2044 2046 2048 2050 :=
1 0 0 0 0 0 0 0 0 0 0 0 0 0 0 0 0 
;

param CapacityFactor default 1 := 
[RE1,TEC_0,*,*]: 
2020 2022 2024 2026 2028 2030 2032 2034 2036 2038 2040 2042 2044 2046 2048 2050 :=
S11 1 1 1 1 1 1 1 1 1 1 1 1 1 1 1 1 
S12 1 1 1 1 1 1 1 1 1 1 1 1 1 1 1 1 
S21 1 1 1 1 1 1 1 1 1 1 1 1 1 1 1 1 
S22 1 1 1 1 1 1 1 1 1 1 1 1 1 1 1 1 
S31 1 1 1 1 1 1 1 1 1 1 1 1 1 1 1 1 
S32 1 1 1 1 1 1 1 1 1 1 1 1 1 1 1 1 
[RE1,TEC_1,*,*]: 
2020 2022 2024 2026 2028 2030 2032 2034 2036 2038 2040 2042 2044 2046 2048 2050 :=
S11 1 1 1 1 1 1 1 1 1 1 1 1 1 1 1 1 
S12 1 1 1 1 1 1 1 1 1 1 1 1 1 1 1 1 
S21 1 1 1 1 1 1 1 1 1 1 1 1 1 1 1 1 
S22 1 1 1 1 1 1 1 1 1 1 1 1 1 1 1 1 
S31 1 1 1 1 1 1 1 1 1 1 1 1 1 1 1 1 
S32 1 1 1 1 1 1 1 1 1 1 1 1 1 1 1 1 
[RE1,TEC_2,*,*]: 
2020 2022 2024 2026 2028 2030 2032 2034 2036 2038 2040 2042 2044 2046 2048 2050 :=
S11 1 1 1 1 1 1 1 1 1 1 1 1 1 1 1 1 
S12 1 1 1 1 1 1 1 1 1 1 1 1 1 1 1 1 
S21 1 1 1 1 1 1 1 1 1 1 1 1 1 1 1 1 
S22 1 1 1 1 1 1 1 1 1 1 1 1 1 1 1 1 
S31 1 1 1 1 1 1 1 1 1 1 1 1 1 1 1 1 
S32 1 1 1 1 1 1 1 1 1 1 1 1 1 1 1 1 
[RE1,TEC_3,*,*]: 
2020 2022 2024 2026 2028 2030 2032 2034 2036 2038 2040 2042 2044 2046 2048 2050 :=
S11 1 1 1 1 1 1 1 1 1 1 1 1 1 1 1 1 
S12 1 1 1 1 1 1 1 1 1 1 1 1 1 1 1 1 
S21 1 1 1 1 1 1 1 1 1 1 1 1 1 1 1 1 
S22 1 1 1 1 1 1 1 1 1 1 1 1 1 1 1 1 
S31 1 1 1 1 1 1 1 1 1 1 1 1 1 1 1 1 
S32 1 1 1 1 1 1 1 1 1 1 1 1 1 1 1 1 
;

param SpecifiedDemandProfile default 0 := 
[RE1,COM_0,*,*]: 
2020 2022 2024 2026 2028 2030 2032 2034 2036 2038 2040 2042 2044 2046 2048 2050 :=
S11 0 0 0 0 0 0 0 0 0 0 0 0 0 0 0 0 
S12 0 0 0 0 0 0 0 0 0 0 0 0 0 0 0 0 
S21 0 0 0 0 0 0 0 0 0 0 0 0 0 0 0 0 
S22 0 0 0 0 0 0 0 0 0 0 0 0 0 0 0 0 
S31 0 0 0 0 0 0 0 0 0 0 0 0 0 0 0 0 
S32 0 0 0 0 0 0 0 0 0 0 0 0 0 0 0 0 
[RE1,COM_1,*,*]: 
2020 2022 2024 2026 2028 2030 2032 2034 2036 2038 2040 2042 2044 2046 2048 2050 :=
S11 0 0 0 0 0 0 0 0 0 0 0 0 0 0 0 0 
S12 0 0 0 0 0 0 0 0 0 0 0 0 0 0 0 0 
S21 0 0 0 0 0 0 0 0 0 0 0 0 0 0 0 0 
S22 0 0 0 0 0 0 0 0 0 0 0 0 0 0 0 0 
S31 0 0 0 0 0 0 0 0 0 0 0 0 0 0 0 0 
S32 0 0 0 0 0 0 0 0 0 0 0 0 0 0 0 0 
[RE1,COM_2,*,*]: 
2020 2022 2024 2026 2028 2030 2032 2034 2036 2038 2040 2042 2044 2046 2048 2050 :=
S11 0 0 0 0 0 0 0 0 0 0 0 0 0 0 0 0 
S12 0 0 0 0 0 0 0 0 0 0 0 0 0 0 0 0 
S21 0 0 0 0 0 0 0 0 0 0 0 0 0 0 0 0 
S22 0 0 0 0 0 0 0 0 0 0 0 0 0 0 0 0 
S31 0 0 0 0 0 0 0 0 0 0 0 0 0 0 0 0 
S32 0 0 0 0 0 0 0 0 0 0 0 0 0 0 0 0 
;

#
end;